# energy_au reference prediction
# model=../materials_project/models/densityToSpec/cnn_model_full.pt
# density_npz=/home/ubuntu/datasets/new_mol_all/481/density_M481.npz
# reference_dat=/home/ubuntu/datasets/new_mol_all/481/tddft_spectrum_gamma_150meV_M481.dat
# reference_mode=training_scaled
0.0000000000e+00 1.4956413906e-05 1.1268344679e-05
5.0055619795e-04 1.4960455701e-05 1.1246539543e-05
1.0011123959e-03 1.4968502001e-05 1.1246496797e-05
1.5016684774e-03 1.4980480046e-05 1.1271692529e-05
2.0022247918e-03 1.4996278878e-05 1.1263885426e-05
2.5027808733e-03 1.5015765712e-05 1.1336455827e-05
3.0033369549e-03 1.5038767742e-05 1.1325352716e-05
3.5038932692e-03 1.5065103980e-05 1.1371641449e-05
4.0044495836e-03 1.5094562514e-05 1.1412267668e-05
4.5050056651e-03 1.5126929611e-05 1.1444184565e-05
5.0055617467e-03 1.5161977899e-05 1.1419378097e-05
5.5061178282e-03 1.5199483641e-05 1.1469802303e-05
6.0066739097e-03 1.5239216737e-05 1.1495448234e-05
6.5072304569e-03 1.5280960724e-05 1.1510955119e-05
7.0077865385e-03 1.5324509150e-05 1.1558421647e-05
7.5083426200e-03 1.5369661924e-05 1.1603615349e-05
8.0088991672e-03 1.5416238966e-05 1.1662297766e-05
8.5094552487e-03 1.5464072931e-05 1.1710688341e-05
9.0100113302e-03 1.5513014660e-05 1.1721565897e-05
9.5105674118e-03 1.5562935005e-05 1.1760083908e-05
1.0011123493e-02 1.5613713913e-05 1.1786340110e-05
1.0511679575e-02 1.5665254978e-05 1.1823119166e-05
1.1012235656e-02 1.5717467249e-05 1.1853341675e-05
1.1512791738e-02 1.5770287064e-05 1.1914644347e-05
1.2013347819e-02 1.5823648937e-05 1.1937836462e-05
1.2513903901e-02 1.5877505575e-05 1.2034585779e-05
1.3014460914e-02 1.5931818780e-05 1.2050596524e-05
1.3515016995e-02 1.5986559447e-05 1.2092783436e-05
1.4015573077e-02 1.6041698473e-05 1.2187163520e-05
1.4516129158e-02 1.6097221305e-05 1.2174466974e-05
1.5016685240e-02 1.6153111574e-05 1.2214461094e-05
1.5517241322e-02 1.6209362002e-05 1.2250776308e-05
1.6017798334e-02 1.6265963495e-05 1.2295739907e-05
1.6518354416e-02 1.6322910597e-05 1.2346919902e-05
1.7018910497e-02 1.6380203306e-05 1.2422823602e-05
1.7519466579e-02 1.6437837985e-05 1.2467769920e-05
1.8020022660e-02 1.6495816453e-05 1.2512165085e-05
1.8520578742e-02 1.6554140529e-05 1.2563429664e-05
1.9021134824e-02 1.6612806576e-05 1.2589756807e-05
1.9521690905e-02 1.6671821868e-05 1.2705845620e-05
2.0022246987e-02 1.6731182768e-05 1.2663849702e-05
2.0522803068e-02 1.6790894733e-05 1.2764129679e-05
2.1023359150e-02 1.6850963220e-05 1.2782347767e-05
2.1523915231e-02 1.6911386410e-05 1.2832786524e-05
2.2024471313e-02 1.6972166122e-05 1.2928833712e-05
2.2525027394e-02 1.7033311451e-05 1.2956224055e-05
2.3025583476e-02 1.7094820578e-05 1.3019839571e-05
2.3526139557e-02 1.7156697140e-05 1.3052355825e-05
2.4026695639e-02 1.7218944777e-05 1.3109972315e-05
2.4527251720e-02 1.7281568944e-05 1.3127738384e-05
2.5027807802e-02 1.7344569642e-05 1.3230991499e-05
2.5528365746e-02 1.7407952328e-05 1.3283465705e-05
2.6028921828e-02 1.7471718820e-05 1.3343151295e-05
2.6529477909e-02 1.7535870938e-05 1.3359571312e-05
2.7030033991e-02 1.7600417777e-05 1.3433356798e-05
2.7530590072e-02 1.7665357518e-05 1.3492301150e-05
2.8031146154e-02 1.7730693799e-05 1.3497598957e-05
2.8531702235e-02 1.7796435714e-05 1.3622947336e-05
2.9032258317e-02 1.7862575987e-05 1.3563963876e-05
2.9532814398e-02 1.7929129172e-05 1.3662292076e-05
3.0033370480e-02 1.7996093447e-05 1.3751494407e-05
3.0533926561e-02 1.8063476091e-05 1.3782459973e-05
3.1034482643e-02 1.8131275283e-05 1.3844044588e-05
3.1535040587e-02 1.8199496481e-05 1.3854875760e-05
3.2035596669e-02 1.8268145141e-05 1.3999121620e-05
3.2536152750e-02 1.8337224901e-05 1.4043971532e-05
3.3036708832e-02 1.8406741219e-05 1.4087949239e-05
3.3537264913e-02 1.8476692276e-05 1.4170069335e-05
3.4037820995e-02 1.8547087166e-05 1.4238444237e-05
3.4538377076e-02 1.8617929527e-05 1.4314976397e-05
3.5038933158e-02 1.8689219360e-05 1.4347298020e-05
3.5539489239e-02 1.8760967578e-05 1.4423864741e-05
3.6040045321e-02 1.8833174181e-05 1.4439521692e-05
3.6540601403e-02 1.8905840989e-05 1.4493388335e-05
3.7041157484e-02 1.8978975277e-05 1.4566469872e-05
3.7541713566e-02 1.9052582502e-05 1.4639359506e-05
3.8042269647e-02 1.9126662664e-05 1.4694534002e-05
3.8542825729e-02 1.9201224859e-05 1.4774009287e-05
3.9043381810e-02 1.9276270905e-05 1.4796189134e-05
3.9543937892e-02 1.9351808078e-05 1.4842848032e-05
4.0044493973e-02 1.9427836378e-05 1.4946072042e-05
4.0545050055e-02 1.9504363081e-05 1.5042071936e-05
4.1045606136e-02 1.9581393644e-05 1.5042387531e-05
4.1546162218e-02 1.9658931706e-05 1.5091910427e-05
4.2046718299e-02 1.9736982722e-05 1.5223867194e-05
4.2547274381e-02 1.9815550331e-05 1.5260360669e-05
4.3047830462e-02 1.9894639991e-05 1.5358400560e-05
4.3548386544e-02 1.9974257157e-05 1.5402278223e-05
4.4048942626e-02 2.0054407287e-05 1.5464192984e-05
4.4549498707e-02 2.0135094019e-05 1.5497727873e-05
4.5050054789e-02 2.0216322810e-05 1.5603072825e-05
4.5550610870e-02 2.0298097297e-05 1.5639265257e-05
4.6051166952e-02 2.0380430215e-05 1.5716466805e-05
4.6551723033e-02 2.0463316105e-05 1.5844245354e-05
4.7052279115e-02 2.0546767701e-05 1.5923089450e-05
4.7552835196e-02 2.0630790459e-05 1.5932599126e-05
4.8053391278e-02 2.0715386199e-05 1.5997351511e-05
4.8553947359e-02 2.0800562197e-05 1.6015768779e-05
4.9054503441e-02 2.0886325728e-05 1.6170008166e-05
4.9555059522e-02 2.0972680431e-05 1.6216947188e-05
5.0055615604e-02 2.1059631763e-05 1.6276755559e-05
5.0556171685e-02 2.1147188818e-05 1.6389309167e-05
5.1056731492e-02 2.1235357053e-05 1.6450680050e-05
5.1557287574e-02 2.1324140107e-05 1.6534699171e-05
5.2057843655e-02 2.1413543436e-05 1.6618614609e-05
5.2558399737e-02 2.1503579774e-05 1.6671243429e-05
5.3058955818e-02 2.1594247301e-05 1.6678663087e-05
5.3559511900e-02 2.1685555112e-05 1.6859001335e-05
5.4060067981e-02 2.1777512302e-05 1.6865064026e-05
5.4560624063e-02 2.1870126147e-05 1.6943768060e-05
5.5061180145e-02 2.1963400286e-05 1.7049516828e-05
5.5561736226e-02 2.2057341994e-05 1.7119993572e-05
5.6062292308e-02 2.2151956728e-05 1.7217800632e-05
5.6562848389e-02 2.2247255401e-05 1.7231674065e-05
5.7063404471e-02 2.2343241653e-05 1.7341542843e-05
5.7563960552e-02 2.2439924578e-05 1.7417618437e-05
5.8064516634e-02 2.2537313271e-05 1.7532360289e-05
5.8565072715e-02 2.2635409550e-05 1.7554302758e-05
5.9065628797e-02 2.2734226150e-05 1.7631202354e-05
5.9566184878e-02 2.2833766707e-05 1.7744110664e-05
6.0066740960e-02 2.2934043955e-05 1.7803004084e-05
6.0567297041e-02 2.3035059712e-05 1.7897817088e-05
6.1067853123e-02 2.3136826712e-05 1.8034157620e-05
6.1568409204e-02 2.3239352231e-05 1.8040856958e-05
6.2068965286e-02 2.3342641725e-05 1.8159575120e-05
6.2569521368e-02 2.3446706109e-05 1.8239710698e-05
6.3070081174e-02 2.3551552658e-05 1.8357650333e-05
6.3570633531e-02 2.3657188649e-05 1.8434606318e-05
6.4071193337e-02 2.3763624995e-05 1.8551801986e-05
6.4571745694e-02 2.3870870791e-05 1.8540191377e-05
6.5072305501e-02 2.3978933314e-05 1.8717699277e-05
6.5572857857e-02 2.4087821657e-05 1.8787910449e-05
6.6073417664e-02 2.4197546736e-05 1.8823247956e-05
6.6573970020e-02 2.4308112188e-05 1.8965889467e-05
6.7074529827e-02 2.4419536203e-05 1.8935978005e-05
6.7575082183e-02 2.4531822419e-05 1.9188235456e-05
6.8075641990e-02 2.4644985388e-05 1.9249544494e-05
6.8576194346e-02 2.4759026928e-05 1.9289209376e-05
6.9076754153e-02 2.4873967050e-05 1.9436949515e-05
6.9577306509e-02 2.4989807571e-05 1.9448807507e-05
7.0077866316e-02 2.5106563044e-05 1.9616662030e-05
7.0578418672e-02 2.5224240744e-05 1.9610964955e-05
7.1078978479e-02 2.5342857043e-05 1.9692537535e-05
7.1579530835e-02 2.5462419217e-05 1.9824070478e-05
7.2080090642e-02 2.5582938179e-05 1.9961991711e-05
7.2580642998e-02 2.5704426662e-05 1.9999015421e-05
7.3081202805e-02 2.5826893761e-05 2.0094797947e-05
7.3581755161e-02 2.5950350391e-05 2.0217185011e-05
7.4082314968e-02 2.6074812922e-05 2.0195331672e-05
7.4582867324e-02 2.6200288630e-05 2.0338795366e-05
7.5083427131e-02 2.6326793886e-05 2.0468700313e-05
7.5583979487e-02 2.6454335966e-05 2.0551418856e-05
7.6084539294e-02 2.6582933060e-05 2.0637859052e-05
7.6585091650e-02 2.6712590625e-05 2.0774516088e-05
7.7085651457e-02 2.6843328669e-05 2.0854691684e-05
7.7586203814e-02 2.6975158107e-05 2.0964886062e-05
7.8086763620e-02 2.7108091672e-05 2.1017585823e-05
7.8587315977e-02 2.7242143915e-05 2.1097863282e-05
7.9087875783e-02 2.7377327569e-05 2.1269612262e-05
7.9588428140e-02 2.7513657187e-05 2.1467356419e-05
8.0088987947e-02 2.7651147320e-05 2.1421188649e-05
8.0589540303e-02 2.7789810702e-05 2.1561263566e-05
8.1090100110e-02 2.7929665521e-05 2.1718076823e-05
8.1590659916e-02 2.8070728149e-05 2.1772368200e-05
8.2091212273e-02 2.8213004043e-05 2.1841413400e-05
8.2591772079e-02 2.8356520488e-05 2.1966234272e-05
8.3092324436e-02 2.8501286579e-05 2.2096901375e-05
8.3592884243e-02 2.8647324143e-05 2.2254847863e-05
8.4093436599e-02 2.8794640457e-05 2.2454445570e-05
8.4593996406e-02 2.8943262805e-05 2.2484233341e-05
8.5094548762e-02 2.9093198464e-05 2.2654334316e-05
8.5595108569e-02 2.9244474717e-05 2.2823609470e-05
8.6095660925e-02 2.9397102480e-05 2.2944559532e-05
8.6596220732e-02 2.9551105399e-05 2.3175558454e-05
8.7096773088e-02 2.9706492569e-05 2.3174443413e-05
8.7597332895e-02 2.9863289456e-05 2.3407308618e-05
8.8097885251e-02 3.0021517887e-05 2.3481550670e-05
8.8598445058e-02 3.0181192415e-05 2.3641548978e-05
8.9098997414e-02 3.0342331229e-05 2.3844359021e-05
8.9599557221e-02 3.0504957977e-05 2.3886408599e-05
9.0100109577e-02 3.0669096304e-05 2.4172815756e-05
9.0600669384e-02 3.0834762583e-05 2.4183409550e-05
9.1101221740e-02 3.1001978641e-05 2.4235509045e-05
9.1601781547e-02 3.1170766306e-05 2.4482587833e-05
9.2102333903e-02 3.1341147405e-05 2.4761555323e-05
9.2602893710e-02 3.1513147405e-05 2.4830154871e-05
9.3103446066e-02 3.1686784496e-05 2.4981134629e-05
9.3604005873e-02 3.1862095057e-05 2.5144154279e-05
9.4104558229e-02 3.2039086364e-05 2.5271494451e-05
9.4605118036e-02 3.2217794796e-05 2.5422961698e-05
9.5105670393e-02 3.2398238545e-05 2.5613819162e-05
9.5606230199e-02 3.2580446714e-05 2.5724330044e-05
9.6106782556e-02 3.2764444768e-05 2.5831197490e-05
9.6607342362e-02 3.2950265449e-05 2.6058509320e-05
9.7107894719e-02 3.3137926948e-05 2.6311934562e-05
9.7608454525e-02 3.3327465644e-05 2.6482164685e-05
9.8109006882e-02 3.3518899727e-05 2.6718847948e-05
9.8609566689e-02 3.3712272852e-05 2.6733414416e-05
9.9110119045e-02 3.3907595935e-05 2.7032332582e-05
9.9610678852e-02 3.4104916267e-05 2.7213705835e-05
1.0011123121e-01 3.4304255678e-05 2.7360843887e-05
1.0061179101e-01 3.4505654185e-05 2.7557009162e-05
1.0111234337e-01 3.4709137253e-05 2.7715301258e-05
1.0161290318e-01 3.4914748539e-05 2.7995038181e-05
1.0211346298e-01 3.5122509871e-05 2.8151442166e-05
1.0261401534e-01 3.5332457628e-05 2.8270171242e-05
1.0311457515e-01 3.5544639104e-05 2.8489355827e-05
1.0361512750e-01 3.5759079765e-05 2.8750448109e-05
1.0411568731e-01 3.5975826904e-05 2.8952268622e-05
1.0461623967e-01 3.6194905988e-05 2.9125199944e-05
1.0511679947e-01 3.6416375224e-05 2.9465416446e-05
1.0561735183e-01 3.6640260078e-05 2.9573124266e-05
1.0611791164e-01 3.6866611481e-05 2.9777325835e-05
1.0661846399e-01 3.7095458538e-05 3.0026043532e-05
1.0711902380e-01 3.7326863094e-05 3.0127253922e-05
1.0761957616e-01 3.7560854253e-05 3.0694838642e-05
1.0812013596e-01 3.7797493860e-05 3.0814313504e-05
1.0862068832e-01 3.8036818296e-05 3.1182436942e-05
1.0912124813e-01 3.8278885768e-05 3.1509473047e-05
1.0962180048e-01 3.8523732655e-05 3.1814302929e-05
1.1012236029e-01 3.8771424443e-05 3.2034909964e-05
1.1062291265e-01 3.9022004785e-05 3.2499832741e-05
1.1112347245e-01 3.9275535528e-05 3.2909720176e-05
1.1162402481e-01 3.9532060327e-05 3.3214681025e-05
1.1212458462e-01 3.9791659219e-05 3.3677675674e-05
1.1262513697e-01 4.0054372221e-05 3.4124244848e-05
1.1312569678e-01 4.0320268454e-05 3.4555119782e-05
1.1362624913e-01 4.0589406126e-05 3.5155931982e-05
1.1412680894e-01 4.0861857997e-05 3.5580906115e-05
1.1462736130e-01 4.1137685912e-05 3.6077635741e-05
1.1512792110e-01 4.1416962631e-05 3.6636483856e-05
1.1562847346e-01 4.1699757276e-05 3.6947916669e-05
1.1612903327e-01 4.1986149881e-05 3.7768026232e-05
1.1662958562e-01 4.2276202294e-05 3.8261652662e-05
1.1713014543e-01 4.2570009100e-05 3.8815418520e-05
1.1763069779e-01 4.2867639422e-05 3.9340739022e-05
1.1813125759e-01 4.3169187848e-05 4.0109953261e-05
1.1863180995e-01 4.3474734412e-05 4.0672548494e-05
1.1913236976e-01 4.3784377340e-05 4.1304083425e-05
1.1963292211e-01 4.4098203944e-05 4.1872230213e-05
1.2013348192e-01 4.4416312448e-05 4.2437561206e-05
1.2063403428e-01 4.4738797442e-05 4.3235788326e-05
1.2113459408e-01 4.5065778977e-05 4.4072967285e-05
1.2163515389e-01 4.5397355279e-05 4.4629177864e-05
1.2213570625e-01 4.5733639126e-05 4.5384953410e-05
1.2263626605e-01 4.6074750571e-05 4.5988061174e-05
1.2313681841e-01 4.6420809667e-05 4.6657332859e-05
1.2363737822e-01 4.6771951020e-05 4.7475423344e-05
1.2413793057e-01 4.7128287406e-05 4.8010202590e-05
1.2463849038e-01 4.7489978897e-05 4.8365945986e-05
1.2513904274e-01 4.7857156460e-05 4.9080423196e-05
1.2563960254e-01 4.8229976528e-05 4.9866208428e-05
1.2614016235e-01 4.8608588259e-05 5.0703318266e-05
1.2664070725e-01 4.8993155360e-05 5.0846578233e-05
1.2714126706e-01 4.9383859732e-05 5.1367482229e-05
1.2764182687e-01 4.9780883273e-05 5.2451094234e-05
1.2814238667e-01 5.0184400607e-05 5.2578201576e-05
1.2864293158e-01 5.0594615459e-05 5.3000989283e-05
1.2914349139e-01 5.1011742471e-05 5.3288382333e-05
1.2964405119e-01 5.1435989008e-05 5.4004816775e-05
1.3014461100e-01 5.1867591537e-05 5.4464151617e-05
1.3064515591e-01 5.2306775615e-05 5.4598065617e-05
1.3114571571e-01 5.2753825003e-05 5.4999811255e-05
1.3164627552e-01 5.3208994359e-05 5.5363612773e-05
1.3214683533e-01 5.3672574722e-05 5.6128490542e-05
1.3264738023e-01 5.4144842579e-05 5.6047399994e-05
1.3314794004e-01 5.4626147175e-05 5.6619526731e-05
1.3364849985e-01 5.5116815929e-05 5.7194956753e-05
1.3414905965e-01 5.5617201724e-05 5.7582801674e-05
1.3464960456e-01 5.6127690186e-05 5.7794699387e-05
1.3515016437e-01 5.6648699683e-05 5.8181864006e-05
1.3565072417e-01 5.7180659496e-05 5.8739053202e-05
1.3615128398e-01 5.7724028011e-05 5.9103229432e-05
1.3665182889e-01 5.8279292716e-05 5.9562175011e-05
1.3715238869e-01 5.8847017499e-05 6.0320649936e-05
1.3765294850e-01 5.9427748056e-05 6.1168422690e-05
1.3815350831e-01 6.0022099206e-05 6.1370774347e-05
1.3865405321e-01 6.0630718508e-05 6.2347862695e-05
1.3915461302e-01 6.1254359025e-05 6.3257051806e-05
1.3965517282e-01 6.1893770180e-05 6.3684274210e-05
1.4015573263e-01 6.2549792347e-05 6.4760701207e-05
1.4065627754e-01 6.3223305915e-05 6.5829925006e-05
1.4115683734e-01 6.3915322244e-05 6.6556793172e-05
1.4165739715e-01 6.4626896346e-05 6.6218075517e-05
1.4215795696e-01 6.5359199652e-05 6.7817360105e-05
1.4265851676e-01 6.6113490902e-05 6.8923698564e-05
1.4315906167e-01 6.6891123424e-05 6.9780886406e-05
1.4365962148e-01 6.7693690653e-05 7.1099573688e-05
1.4416018128e-01 6.8522786023e-05 7.2154136433e-05
1.4466074109e-01 6.9380206696e-05 7.3423361755e-05
1.4516128600e-01 7.0267909905e-05 7.4008858064e-05
1.4566184580e-01 7.1188100264e-05 7.5157877291e-05
1.4616240561e-01 7.2143113357e-05 7.6887678006e-05
1.4666296542e-01 7.3135488492e-05 7.7362121374e-05
1.4716351032e-01 7.4168012361e-05 7.8597746324e-05
1.4766407013e-01 7.5243755418e-05 8.0214478658e-05
1.4816462994e-01 7.6365977293e-05 8.1389487605e-05
1.4866518974e-01 7.7538250480e-05 8.2992810349e-05
1.4916573465e-01 7.8764351201e-05 8.3750928752e-05
1.4966629446e-01 8.0048484961e-05 8.5427527665e-05
1.5016685426e-01 8.1394966401e-05 8.6162108346e-05
1.5066741407e-01 8.2808495790e-05 8.7326297944e-05
1.5116795897e-01 8.4293911641e-05 8.8985063485e-05
1.5166851878e-01 8.5856459918e-05 9.0357025329e-05
1.5216907859e-01 8.7501503003e-05 9.1644811619e-05
1.5266963840e-01 8.9234556071e-05 9.3394519354e-05
1.5317018330e-01 9.1061294370e-05 9.4519586128e-05
1.5367074311e-01 9.2987589596e-05 9.5665993285e-05
1.5417130291e-01 9.5019284345e-05 9.7488431493e-05
1.5467186272e-01 9.7162126622e-05 9.8998156318e-05
1.5517240763e-01 9.9421798950e-05 1.0011163249e-04
1.5567296743e-01 1.0180411482e-04 1.0177514923e-04
1.5617352724e-01 1.0431440023e-04 1.0332054808e-04
1.5667408705e-01 1.0695794481e-04 1.0544999532e-04
1.5717463195e-01 1.0973955796e-04 1.0730003851e-04
1.5767519176e-01 1.1266415095e-04 1.0917327745e-04
1.5817575157e-01 1.1573594384e-04 1.1109001935e-04
1.5867631137e-01 1.1895904754e-04 1.1371288565e-04
1.5917685628e-01 1.2233693269e-04 1.1448071746e-04
1.5967741609e-01 1.2587313540e-04 1.1617760902e-04
1.6017797589e-01 1.2957055878e-04 1.1914871720e-04
1.6067853570e-01 1.3343163300e-04 1.2114190031e-04
1.6117908061e-01 1.3745839533e-04 1.2384120782e-04
1.6167964041e-01 1.4165251923e-04 1.2599161710e-04
1.6218020022e-01 1.4601484872e-04 1.2740318198e-04
1.6268076003e-01 1.5054532560e-04 1.3062373910e-04
1.6318131983e-01 1.5524291666e-04 1.3247631432e-04
1.6368186474e-01 1.6010523541e-04 1.3388147636e-04
1.6418242455e-01 1.6512854199e-04 1.3614182535e-04
1.6468298435e-01 1.7030676827e-04 1.3949272397e-04
1.6518354416e-01 1.7563144502e-04 1.4218491560e-04
1.6568408906e-01 1.8109122175e-04 1.4399737120e-04
1.6618464887e-01 1.8667159020e-04 1.4678252046e-04
1.6668520868e-01 1.9235405489e-04 1.4948705211e-04
1.6718576849e-01 1.9811610400e-04 1.5200504276e-04
1.6768631339e-01 2.0393052546e-04 1.5442572476e-04
1.6818687320e-01 2.0976620726e-04 1.5797525703e-04
1.6868743300e-01 2.1558669687e-04 1.5973554400e-04
1.6918799281e-01 2.2135155450e-04 1.6146224516e-04
1.6968853772e-01 2.2701574198e-04 1.6530801076e-04
1.7018909752e-01 2.3253144172e-04 1.6779091675e-04
1.7068965733e-01 2.3784760560e-04 1.7001351807e-04
1.7119021714e-01 2.4291159934e-04 1.7215896514e-04
1.7169076204e-01 2.4767013383e-04 1.7472663603e-04
1.7219132185e-01 2.5207106955e-04 1.7689663218e-04
1.7269188166e-01 2.5606420240e-04 1.7901512911e-04
1.7319244146e-01 2.5960290805e-04 1.8218623882e-04
1.7369298637e-01 2.6264580083e-04 1.8414840451e-04
1.7419354618e-01 2.6515821810e-04 1.8576587900e-04
1.7469410598e-01 2.6711294777e-04 1.8859529519e-04
1.7519466579e-01 2.6849159622e-04 1.8951923994e-04
1.7569521070e-01 2.6928531588e-04 1.9073934527e-04
1.7619577050e-01 2.6949532912e-04 1.9126349071e-04
1.7669633031e-01 2.6913281181e-04 1.9331290969e-04
1.7719689012e-01 2.6821912616e-04 1.9237534434e-04
1.7769743502e-01 2.6678500581e-04 1.9324453024e-04
1.7819799483e-01 2.6486985735e-04 1.9349654031e-04
1.7869855464e-01 2.6252077078e-04 1.9366665219e-04
1.7919911444e-01 2.5979115162e-04 1.9342779706e-04
1.7969965935e-01 2.5673946948e-04 1.9404315390e-04
1.8020021915e-01 2.5342736626e-04 1.9251574122e-04
1.8070077896e-01 2.4991840473e-04 1.9264136790e-04
1.8120133877e-01 2.4627672974e-04 1.9149764557e-04
1.8170188367e-01 2.4256526376e-04 1.8950930098e-04
1.8220244348e-01 2.3884420807e-04 1.9000958127e-04
1.8270300329e-01 2.3517063528e-04 1.8896201800e-04
1.8320356309e-01 2.3159704870e-04 1.8801192346e-04
1.8370412290e-01 2.2817082936e-04 1.8652442668e-04
1.8420466781e-01 2.2493374126e-04 1.8630149134e-04
1.8470522761e-01 2.2192152392e-04 1.8468746566e-04
1.8520578742e-01 2.1916416881e-04 1.8298014766e-04
1.8570634723e-01 2.1668580303e-04 1.8239926430e-04
1.8620689213e-01 2.1450512577e-04 1.8224226369e-04
1.8670745194e-01 2.1263549570e-04 1.8040626310e-04
1.8720801175e-01 2.1108589135e-04 1.7957245291e-04
1.8770857155e-01 2.0986117306e-04 1.8026315956e-04
1.8820911646e-01 2.0896286878e-04 1.7890725576e-04
1.8870967627e-01 2.0838953787e-04 1.7830345314e-04
1.8921023607e-01 2.0813765877e-04 1.7686476349e-04
1.8971079588e-01 2.0820208010e-04 1.7681214376e-04
1.9021134079e-01 2.0857654454e-04 1.7653481336e-04
1.9071190059e-01 2.0925424178e-04 1.7716920411e-04
1.9121246040e-01 2.1022818692e-04 1.7657908029e-04
1.9171302021e-01 2.1149161330e-04 1.7709439271e-04
1.9221356511e-01 2.1303827816e-04 1.7827146803e-04
1.9271412492e-01 2.1486289916e-04 1.7901972751e-04
1.9321468472e-01 2.1696118347e-04 1.8000967975e-04
1.9371524453e-01 2.1933008975e-04 1.7950705660e-04
1.9421578944e-01 2.2196785721e-04 1.8145034846e-04
1.9471634924e-01 2.2487464594e-04 1.8337949587e-04
1.9521690905e-01 2.2805189656e-04 1.8524954794e-04
1.9571746886e-01 2.3150291236e-04 1.8821661070e-04
1.9621801376e-01 2.3523280106e-04 1.9002752379e-04
1.9671857357e-01 2.3924878042e-04 1.9311418873e-04
1.9721913338e-01 2.4355975620e-04 1.9562838133e-04
1.9771969318e-01 2.4817674421e-04 1.9964172679e-04
1.9822023809e-01 2.5311272475e-04 2.0403607050e-04
1.9872079790e-01 2.5838325382e-04 2.0752723503e-04
1.9922135770e-01 2.6400570641e-04 2.1277525229e-04
1.9972191751e-01 2.6999972761e-04 2.1835227381e-04
2.0022246242e-01 2.7638708707e-04 2.2276135860e-04
2.0072302222e-01 2.8319243575e-04 2.2901504417e-04
2.0122358203e-01 2.9044199619e-04 2.3493052868e-04
2.0172414184e-01 2.9816420283e-04 2.4066223705e-04
2.0222468674e-01 3.0638920725e-04 2.4679725175e-04
2.0272524655e-01 3.1514963484e-04 2.5537502370e-04
2.0322580636e-01 3.2447848935e-04 2.6133158826e-04
2.0372636616e-01 3.3441017149e-04 2.7009035693e-04
2.0422692597e-01 3.4497954766e-04 2.7859274996e-04
2.0472747087e-01 3.5622075666e-04 2.8636356001e-04
2.0522803068e-01 3.6816834472e-04 2.9480509693e-04
2.0572859049e-01 3.8085397682e-04 3.0711793806e-04
2.0622915030e-01 3.9430742618e-04 3.1256806687e-04
2.0672969520e-01 4.0855395491e-04 3.2390188426e-04
2.0723025501e-01 4.2361608939e-04 3.3673885628e-04
2.0773081481e-01 4.3950963300e-04 3.4864954068e-04
2.0823137462e-01 4.5624416089e-04 3.5983711132e-04
2.0873191953e-01 4.7382162302e-04 3.7332149805e-04
2.0923247933e-01 4.9223733367e-04 3.8465639227e-04
2.0973303914e-01 5.1147659542e-04 4.0020927554e-04
2.1023359895e-01 5.3151522297e-04 4.1549518937e-04
2.1073414385e-01 5.5232009618e-04 4.2608677177e-04
2.1123470366e-01 5.7385052787e-04 4.4525068370e-04
2.1173526347e-01 5.9605517890e-04 4.6100007603e-04
2.1223582327e-01 6.1887578340e-04 4.7623208957e-04
2.1273636818e-01 6.4224627567e-04 4.9177859910e-04
2.1323692799e-01 6.6609820351e-04 5.1062396960e-04
2.1373748779e-01 6.9035636261e-04 5.2699132357e-04
2.1423804760e-01 7.1494572330e-04 5.4450856987e-04
2.1473859251e-01 7.3979125591e-04 5.6017853785e-04
2.1523915231e-01 7.6482322766e-04 5.7615048718e-04
2.1573971212e-01 7.8997539822e-04 5.9929973213e-04
2.1624027193e-01 8.1519049127e-04 6.1671034200e-04
2.1674081683e-01 8.4042112576e-04 6.3645024784e-04
2.1724137664e-01 8.6563429795e-04 6.5503088990e-04
2.1774193645e-01 8.9081056649e-04 6.7812413909e-04
2.1824249625e-01 9.1594789410e-04 6.9588917540e-04
2.1874304116e-01 9.4106182223e-04 7.1656808723e-04
2.1924360096e-01 9.6619059332e-04 7.3824502761e-04
2.1974416077e-01 9.9139090162e-04 7.6245650416e-04
2.2024472058e-01 1.0167428991e-03 7.9079339048e-04
2.2074526548e-01 1.0423483327e-03 8.0632069148e-04
2.2124582529e-01 1.0683352593e-03 8.3072658163e-04
2.2174638510e-01 1.0948522249e-03 8.5932237562e-04
2.2224694490e-01 1.1220733868e-03 8.8949286146e-04
2.2274748981e-01 1.1501958361e-03 9.1604050249e-04
2.2324804962e-01 1.1794422753e-03 9.5070159296e-04
2.2374860942e-01 1.2100569438e-03 9.7786565311e-04
2.2424916923e-01 1.2423071312e-03 1.0138977086e-03
2.2474972904e-01 1.2764822459e-03 1.0551743908e-03
2.2525027394e-01 1.3128900900e-03 1.0884564836e-03
2.2575083375e-01 1.3518620981e-03 1.1303004576e-03
2.2625139356e-01 1.3937436743e-03 1.1742456118e-03
2.2675195336e-01 1.4388961717e-03 1.2245536782e-03
2.2725249827e-01 1.4876924688e-03 1.2737993384e-03
2.2775305808e-01 1.5405195300e-03 1.3282395666e-03
2.2825361788e-01 1.5977674630e-03 1.3818101725e-03
2.2875417769e-01 1.6598273069e-03 1.4485341962e-03
2.2925472260e-01 1.7270889366e-03 1.5184247168e-03
2.2975528240e-01 1.7999403644e-03 1.6080170171e-03
2.3025584221e-01 1.8787509762e-03 1.6758660786e-03
2.3075640202e-01 1.9638743252e-03 1.7417746130e-03
2.3125694692e-01 2.0556347445e-03 1.8572027329e-03
2.3175750673e-01 2.1543346811e-03 1.9563210662e-03
2.3225806653e-01 2.2602218669e-03 2.0701077301e-03
2.3275862634e-01 2.3735023569e-03 2.1811581682e-03
2.3325917125e-01 2.4943167809e-03 2.3198958952e-03
2.3375973105e-01 2.6227463968e-03 2.4596201256e-03
2.3426029086e-01 2.7587804943e-03 2.6185661554e-03
2.3476085067e-01 2.9023184907e-03 2.7684632223e-03
2.3526139557e-01 3.0531510711e-03 2.9329648241e-03
2.3576195538e-01 3.2109590247e-03 3.1138742343e-03
2.3626251519e-01 3.3752864692e-03 3.2828333788e-03
2.3676307499e-01 3.5455396865e-03 3.4812444355e-03
2.3726361990e-01 3.7209717557e-03 3.6519831046e-03
2.3776417971e-01 3.9006944280e-03 3.8372187410e-03
2.3826473951e-01 4.0836492553e-03 4.0436768904e-03
2.3876529932e-01 4.2686266825e-03 4.2267013341e-03
2.3926584423e-01 4.4542546384e-03 4.4081262313e-03
2.3976640403e-01 4.6390476637e-03 4.6085412614e-03
2.4026696384e-01 4.8213819973e-03 4.8263617791e-03
2.4076752365e-01 4.9995421432e-03 5.0066024996e-03
2.4126806855e-01 5.1717427559e-03 5.1859281957e-03
2.4176862836e-01 5.3361845203e-03 5.3406059742e-03
2.4226918817e-01 5.4910611361e-03 5.4998286068e-03
2.4276974797e-01 5.6346263736e-03 5.6538227946e-03
2.4327030778e-01 5.7652373798e-03 5.8125457726e-03
2.4377085268e-01 5.8813854121e-03 5.9377430007e-03
2.4427141249e-01 5.9817708097e-03 6.0466462746e-03
2.4477197230e-01 6.0653090477e-03 6.1737857759e-03
2.4527253211e-01 6.1311866157e-03 6.1995019205e-03
2.4577307701e-01 6.1788801104e-03 6.2950416468e-03
2.4627363682e-01 6.2081827782e-03 6.3992696814e-03
2.4677419662e-01 6.2191998586e-03 6.4583141357e-03
2.4727475643e-01 6.2123565003e-03 6.4763170667e-03
2.4777530134e-01 6.1883809976e-03 6.4726774581e-03
2.4827586114e-01 6.1482796445e-03 6.5095913596e-03
2.4877642095e-01 6.0933050700e-03 6.4741428941e-03
2.4927698076e-01 6.0249143280e-03 6.4438846894e-03
2.4977752566e-01 5.9447260574e-03 6.4563727938e-03
2.5027808547e-01 5.8544538915e-03 6.3949748874e-03
2.5077864528e-01 5.7558775879e-03 6.2902006321e-03
2.5127920508e-01 5.6507750414e-03 6.2876776792e-03
2.5177976489e-01 5.5408715270e-03 6.1560920440e-03
2.5228032470e-01 5.4278001189e-03 6.0897078365e-03
2.5278085470e-01 5.3130760789e-03 6.0565932654e-03
2.5328141451e-01 5.1980367862e-03 5.9336461127e-03
2.5378197432e-01 5.0838510506e-03 5.8518010192e-03
2.5428253412e-01 4.9714911729e-03 5.7565732859e-03
2.5478309393e-01 4.8617389984e-03 5.6561361998e-03
2.5528365374e-01 4.7551840544e-03 5.5531556718e-03
2.5578421354e-01 4.6522379853e-03 5.4493863136e-03
2.5628477335e-01 4.5531466603e-03 5.3401505575e-03
2.5678530335e-01 4.4580241665e-03 5.2534677088e-03
2.5728586316e-01 4.3668574654e-03 5.1169837825e-03
2.5778642297e-01 4.2795585468e-03 4.9994075671e-03
2.5828698277e-01 4.1959732771e-03 4.9084532075e-03
2.5878754258e-01 4.1158990934e-03 4.7914469615e-03
2.5928810239e-01 4.0391157381e-03 4.6860831790e-03
2.5978866220e-01 3.9654001594e-03 4.5813135803e-03
2.6028922200e-01 3.8945404813e-03 4.4668097980e-03
2.6078975201e-01 3.8263369352e-03 4.3655415066e-03
2.6129031181e-01 3.7606027909e-03 4.2552663945e-03
2.6179087162e-01 3.6971878726e-03 4.1576367803e-03
2.6229143143e-01 3.6359571386e-03 4.0485486388e-03
2.6279199123e-01 3.5767946392e-03 3.9367731661e-03
2.6329255104e-01 3.5195916425e-03 3.8386983797e-03
2.6379311085e-01 3.4642482642e-03 3.7532004062e-03
2.6429367065e-01 3.4106702078e-03 3.6759313662e-03
2.6479423046e-01 3.3587592188e-03 3.5715282429e-03
2.6529476047e-01 3.3084193710e-03 3.5004690289e-03
2.6579532027e-01 3.2595363446e-03 3.4159440547e-03
2.6629588008e-01 3.2120051328e-03 3.3306810074e-03
2.6679643989e-01 3.1657190993e-03 3.2561789267e-03
2.6729699969e-01 3.1205762643e-03 3.1799676362e-03
2.6779755950e-01 3.0764811672e-03 3.1102630310e-03
2.6829811931e-01 3.0333567411e-03 3.0536570121e-03
2.6879867911e-01 2.9911496677e-03 2.9836543836e-03
2.6929920912e-01 2.9498361982e-03 2.9411211144e-03
2.6979976892e-01 2.9094198253e-03 2.8807308991e-03
2.7030032873e-01 2.8699457180e-03 2.8336457908e-03
2.7080088854e-01 2.8314967640e-03 2.7892964426e-03
2.7130144835e-01 2.7941979934e-03 2.7550715022e-03
2.7180200815e-01 2.7582121547e-03 2.7149249800e-03
2.7230256796e-01 2.7237357572e-03 2.6882272214e-03
2.7280312777e-01 2.6909972075e-03 2.6457379572e-03
2.7330365777e-01 2.6602544822e-03 2.6269422378e-03
2.7380421758e-01 2.6317771990e-03 2.5886264630e-03
2.7430477738e-01 2.6058545336e-03 2.5788638741e-03
2.7480533719e-01 2.5827749632e-03 2.5520497002e-03
2.7530589700e-01 2.5628253352e-03 2.5366693735e-03
2.7580645680e-01 2.5462831836e-03 2.5294199586e-03
2.7630701661e-01 2.5334083475e-03 2.5110580027e-03
2.7680757642e-01 2.5244376156e-03 2.5187849533e-03
2.7730810642e-01 2.5195796043e-03 2.5092619471e-03
2.7780866623e-01 2.5190114975e-03 2.5051138364e-03
2.7830922604e-01 2.5228753220e-03 2.5166817941e-03
2.7880978584e-01 2.5312756188e-03 2.5282285642e-03
2.7931034565e-01 2.5442787446e-03 2.5256006047e-03
2.7981090546e-01 2.5619128719e-03 2.5466887746e-03
2.8031146526e-01 2.5841677561e-03 2.5671415497e-03
2.8081202507e-01 2.6109961327e-03 2.5901871268e-03
2.8131255507e-01 2.6423144154e-03 2.6059597731e-03
2.8181311488e-01 2.6780148037e-03 2.6380526833e-03
2.8231367469e-01 2.7179562021e-03 2.6770930272e-03
2.8281423450e-01 2.7619744651e-03 2.7087305207e-03
2.8331479430e-01 2.8098865878e-03 2.7359814849e-03
2.8381535411e-01 2.8614946641e-03 2.7792211622e-03
2.8431591392e-01 2.9165940359e-03 2.8307896573e-03
2.8481647372e-01 2.9749756213e-03 2.8804689646e-03
2.8531703353e-01 3.0364277773e-03 2.9473055620e-03
2.8581756353e-01 3.1007376965e-03 2.9948819429e-03
2.8631812334e-01 3.1677177176e-03 3.0555117410e-03
2.8681868315e-01 3.2371755224e-03 3.1149624847e-03
2.8731924295e-01 3.3089313656e-03 3.1866193749e-03
2.8781980276e-01 3.3828176092e-03 3.2593286596e-03
2.8832036257e-01 3.4586710390e-03 3.3292477019e-03
2.8882092237e-01 3.5363400821e-03 3.4102702048e-03
2.8932148218e-01 3.6156682763e-03 3.4772763029e-03
2.8982201219e-01 3.6964840256e-03 3.5664935131e-03
2.9032257199e-01 3.7786141038e-03 3.6520843860e-03
2.9082313180e-01 3.8618426770e-03 3.7430052180e-03
2.9132369161e-01 3.9459289983e-03 3.8369114045e-03
2.9182425141e-01 4.0305801667e-03 3.9113461971e-03
2.9232481122e-01 4.1154469363e-03 4.0051895194e-03
2.9282537103e-01 4.2001116090e-03 4.1087423451e-03
2.9332593083e-01 4.2840931565e-03 4.1843364015e-03
2.9382646084e-01 4.3668281287e-03 4.2821126990e-03
2.9432702065e-01 4.4476878829e-03 4.3759085238e-03
2.9482758045e-01 4.5259562321e-03 4.4459202327e-03
2.9532814026e-01 4.6008564532e-03 4.5427745208e-03
2.9582870007e-01 4.6715592034e-03 4.6279551461e-03
2.9632925987e-01 4.7371927649e-03 4.6941158362e-03
2.9682981968e-01 4.7968588769e-03 4.7747879289e-03
2.9733037949e-01 4.8496588133e-03 4.8369122669e-03
2.9783090949e-01 4.8947166651e-03 4.9110264517e-03
2.9833146930e-01 4.9312086776e-03 4.9451333471e-03
2.9883202910e-01 4.9583744258e-03 5.0028343685e-03
2.9933258891e-01 4.9755526707e-03 5.0054979511e-03
2.9983314872e-01 4.9822027795e-03 5.0307717174e-03
3.0033370852e-01 4.9779238179e-03 5.0383782946e-03
3.0083426833e-01 4.9624685198e-03 5.0414814614e-03
3.0133482814e-01 4.9357577227e-03 5.0412947312e-03
3.0183535814e-01 4.8978878185e-03 4.9968697131e-03
3.0233591795e-01 4.8491256312e-03 4.9809147604e-03
3.0283647776e-01 4.7899079509e-03 4.9240356311e-03
3.0333703756e-01 4.7208331525e-03 4.8640249297e-03
3.0383759737e-01 4.6426462941e-03 4.7911847942e-03
3.0433815718e-01 4.5562223531e-03 4.7155506909e-03
3.0483871698e-01 4.4625317678e-03 4.6278056689e-03
3.0533927679e-01 4.3626306579e-03 4.5365286060e-03
3.0583983660e-01 4.2576300912e-03 4.4345897622e-03
3.0634036660e-01 4.1486760601e-03 4.3303510174e-03
3.0684092641e-01 4.0368996561e-03 4.2172591202e-03
3.0734148622e-01 3.9234207943e-03 4.1011283174e-03
3.0784204602e-01 3.8093139883e-03 3.9647151716e-03
3.0834260583e-01 3.6955946125e-03 3.8520214148e-03
3.0884316564e-01 3.5831956193e-03 3.7381008733e-03
3.0934372544e-01 3.4729635809e-03 3.6150608212e-03
3.0984428525e-01 3.3656330779e-03 3.4946154337e-03
3.1034481525e-01 3.2618460245e-03 3.3811663743e-03
3.1084537506e-01 3.1621188391e-03 3.2617151737e-03
3.1134593487e-01 3.0668810941e-03 3.1629032455e-03
3.1184649467e-01 2.9764405917e-03 3.0539357103e-03
3.1234705448e-01 2.8910124674e-03 2.9607370961e-03
3.1284761429e-01 2.8107208200e-03 2.8682278935e-03
3.1334817410e-01 2.7356019709e-03 2.7804488782e-03
3.1384873390e-01 2.6656209957e-03 2.6967697777e-03
3.1434926391e-01 2.6006719563e-03 2.6284994092e-03
3.1484982371e-01 2.5405867491e-03 2.5419658050e-03
3.1535038352e-01 2.4851621129e-03 2.4865651503e-03
3.1585094333e-01 2.4341535755e-03 2.4191688281e-03
3.1635150313e-01 2.3872822057e-03 2.3626470938e-03
3.1685206294e-01 2.3442520760e-03 2.3082427215e-03
3.1735262275e-01 2.3047537543e-03 2.2626663558e-03
3.1785318255e-01 2.2684701253e-03 2.2141516674e-03
3.1835371256e-01 2.2350861691e-03 2.1804096177e-03
3.1885427237e-01 2.2042817436e-03 2.1343266126e-03
3.1935483217e-01 2.1757541690e-03 2.0982436836e-03
3.1985539198e-01 2.1492112428e-03 2.0654317923e-03
3.2035595179e-01 2.1243747324e-03 2.0363291260e-03
3.2085651159e-01 2.1009857301e-03 2.0038511138e-03
3.2135707140e-01 2.0788006950e-03 1.9761347212e-03
3.2185763121e-01 2.0575977396e-03 1.9495507004e-03
3.2235816121e-01 2.0371759310e-03 1.9211469917e-03
3.2285872102e-01 2.0173504017e-03 1.8997789593e-03
3.2335928082e-01 1.9979560748e-03 1.8753532786e-03
3.2385984063e-01 1.9788453355e-03 1.8539851299e-03
3.2436040044e-01 1.9598861691e-03 1.8324517878e-03
3.2486096025e-01 1.9409615779e-03 1.8171988195e-03
3.2536152005e-01 1.9219664391e-03 1.8001614371e-03
3.2586207986e-01 1.9028056413e-03 1.7765102675e-03
3.2636263967e-01 1.8833959475e-03 1.7587114125e-03
3.2686316967e-01 1.8636634341e-03 1.7422770616e-03
3.2736372948e-01 1.8435398815e-03 1.7222140450e-03
3.2786428928e-01 1.8229691777e-03 1.7069127643e-03
3.2836484909e-01 1.8019001000e-03 1.6914224252e-03
3.2886540890e-01 1.7802932998e-03 1.6766383778e-03
3.2936596870e-01 1.7581187421e-03 1.6581551172e-03
3.2986652851e-01 1.7353587318e-03 1.6392482212e-03
3.3036708832e-01 1.7120051198e-03 1.6224302817e-03
3.3086761832e-01 1.6880664043e-03 1.6067430843e-03
3.3136817813e-01 1.6635613283e-03 1.5853465302e-03
3.3186873794e-01 1.6385272611e-03 1.5689426800e-03
3.3236929774e-01 1.6130160075e-03 1.5500938753e-03
3.3286985755e-01 1.5870904317e-03 1.5254747123e-03
3.3337041736e-01 1.5608284157e-03 1.5088174259e-03
3.3387097716e-01 1.5343187843e-03 1.4842130477e-03
3.3437153697e-01 1.5076596756e-03 1.4664365444e-03
3.3487206697e-01 1.4809533022e-03 1.4426517300e-03
3.3537262678e-01 1.4543008292e-03 1.4206508640e-03
3.3587318659e-01 1.4278071467e-03 1.3989682775e-03
3.3637374640e-01 1.4015692286e-03 1.3785538031e-03
3.3687430620e-01 1.3756769476e-03 1.3537793420e-03
3.3737486601e-01 1.3502041111e-03 1.3310980285e-03
3.3787542582e-01 1.3252126519e-03 1.3116872869e-03
3.3837598562e-01 1.3007470407e-03 1.2893948006e-03
3.3887651563e-01 1.2768348679e-03 1.2668472482e-03
3.3937707543e-01 1.2534820708e-03 1.2469859794e-03
3.3987763524e-01 1.2306774734e-03 1.2219531927e-03
3.4037819505e-01 1.2083936017e-03 1.2007267214e-03
3.4087875485e-01 1.1865881970e-03 1.1803184170e-03
3.4137931466e-01 1.1652071262e-03 1.1575138196e-03
3.4187987447e-01 1.1441847309e-03 1.1381946970e-03
3.4238043427e-01 1.1234513950e-03 1.1183960596e-03
3.4288096428e-01 1.1029364541e-03 1.0969805298e-03
3.4338152409e-01 1.0825669160e-03 1.0799723677e-03
3.4388208389e-01 1.0622789850e-03 1.0578833753e-03
3.4438264370e-01 1.0420134058e-03 1.0357610881e-03
3.4488320351e-01 1.0217229137e-03 1.0183622362e-03
3.4538376331e-01 1.0013727006e-03 9.9473388400e-04
3.4588432312e-01 9.8094192799e-04 9.7647093935e-04
3.4638488293e-01 9.6042454243e-04 9.5482612960e-04
3.4688544273e-01 9.3982694671e-04 9.3425338855e-04
3.4738597274e-01 9.1917323880e-04 9.1533252271e-04
3.4788653255e-01 8.9849653887e-04 8.9555321028e-04
3.4838709235e-01 8.7784614880e-04 8.7460939540e-04
3.4888765216e-01 8.5727783153e-04 8.5602962645e-04
3.4938821197e-01 8.3685712889e-04 8.3511241246e-04
3.4988877177e-01 8.1665522885e-04 8.1608747132e-04
3.5038933158e-01 7.9674681183e-04 7.9904991435e-04
3.5088989139e-01 7.7720865374e-04 7.7951338608e-04
3.5139042139e-01 7.5811584247e-04 7.5854244642e-04
3.5189098120e-01 7.3953939136e-04 7.4228353333e-04
3.5239154100e-01 7.2154955706e-04 7.2453333996e-04
3.5289210081e-01 7.0420984412e-04 7.0812628837e-04
3.5339266062e-01 6.8757787813e-04 6.9183664164e-04
3.5389322042e-01 6.7170191323e-04 6.7679176573e-04
3.5439378023e-01 6.5662409179e-04 6.6319154575e-04
3.5489434004e-01 6.4237829065e-04 6.4797489904e-04
3.5539487004e-01 6.2899163458e-04 6.3515087822e-04
3.5589542985e-01 6.1647885013e-04 6.2212831108e-04
3.5639598966e-01 6.0485122958e-04 6.1089603696e-04
3.5689654946e-01 5.9411185794e-04 6.0112803476e-04
3.5739710927e-01 5.8425706811e-04 5.9072655858e-04
3.5789766908e-01 5.7527795434e-04 5.8293627808e-04
3.5839822888e-01 5.6715914980e-04 5.7384953834e-04
3.5889878869e-01 5.5988196982e-04 5.6620390387e-04
3.5939931870e-01 5.5342429550e-04 5.5932655232e-04
3.5989987850e-01 5.4776016623e-04 5.5431621149e-04
3.6040043831e-01 5.4286204977e-04 5.4949696641e-04
3.6090099812e-01 5.3870090051e-04 5.4477498634e-04
3.6140155792e-01 5.3524697432e-04 5.4195645498e-04
3.6190211773e-01 5.3246994503e-04 5.3887051763e-04
3.6240267754e-01 5.3034012672e-04 5.3700595163e-04
3.6290323734e-01 5.2882771706e-04 5.3551542806e-04
3.6340376735e-01 5.2790460177e-04 5.3413177375e-04
3.6390432715e-01 5.2754336502e-04 5.3500634385e-04
3.6440488696e-01 5.2771851188e-04 5.3532927996e-04
3.6490544677e-01 5.2840576973e-04 5.3683173610e-04
3.6540600657e-01 5.2958272863e-04 5.3879572079e-04
3.6590656638e-01 5.3122843383e-04 5.4173811805e-04
3.6640712619e-01 5.3332367679e-04 5.4446083959e-04
3.6690768600e-01 5.3585058777e-04 5.4590957006e-04
3.6740824580e-01 5.3879310144e-04 5.5078940932e-04
3.6790877581e-01 5.4213614203e-04 5.5472156964e-04
3.6840933561e-01 5.4586632177e-04 5.5847613839e-04
3.6890989542e-01 5.4997100960e-04 5.6290032808e-04
3.6941045523e-01 5.5443850579e-04 5.6715426035e-04
3.6991101503e-01 5.5925868219e-04 5.7246914366e-04
3.7041157484e-01 5.6442199275e-04 5.7777244365e-04
3.7091213465e-01 5.6991970632e-04 5.8242847444e-04
3.7141269445e-01 5.7574419770e-04 5.8841990540e-04
3.7191322446e-01 5.8188819094e-04 5.9481582139e-04
3.7241378427e-01 5.8834726224e-04 6.0025491985e-04
3.7291434407e-01 5.9511611471e-04 6.0645141639e-04
3.7341490388e-01 6.0219113948e-04 6.1219895724e-04
3.7391546369e-01 6.0956930974e-04 6.1981013278e-04
3.7441602349e-01 6.1724957777e-04 6.2538334168e-04
3.7491658330e-01 6.2523077941e-04 6.3198868884e-04
3.7541714311e-01 6.3351256540e-04 6.3918501837e-04
3.7591767311e-01 6.4209435368e-04 6.4714881591e-04
3.7641823292e-01 6.5097678453e-04 6.5320869908e-04
3.7691879272e-01 6.6015956691e-04 6.6276185680e-04
3.7741935253e-01 6.6964095458e-04 6.6862138920e-04
3.7791991234e-01 6.7941757152e-04 6.7577947630e-04
3.7842047215e-01 6.8948336411e-04 6.8539264612e-04
3.7892103195e-01 6.9983059075e-04 6.9505017018e-04
3.7942159176e-01 7.1044627111e-04 7.0289638825e-04
3.7992212176e-01 7.2131247725e-04 7.1254203795e-04
3.8042268157e-01 7.3240778875e-04 7.2123314021e-04
3.8092324138e-01 7.4370228685e-04 7.2997948155e-04
3.8142380118e-01 7.5516180368e-04 7.4003951158e-04
3.8192436099e-01 7.6674378943e-04 7.4948405381e-04
3.8242492080e-01 7.7839911683e-04 7.5916101923e-04
3.8292548060e-01 7.9007225577e-04 7.6908356277e-04
3.8342604041e-01 8.0170057481e-04 7.8086543363e-04
3.8392657042e-01 8.1321736798e-04 7.8972708434e-04
3.8442713022e-01 8.2455237862e-04 7.9995335545e-04
3.8492769003e-01 8.3563139196e-04 8.1121287076e-04
3.8542824984e-01 8.4637943655e-04 8.2054140512e-04
3.8592880964e-01 8.5672497516e-04 8.3176873159e-04
3.8642936945e-01 8.6659879889e-04 8.4187038010e-04
3.8692992926e-01 8.7593821809e-04 8.4966077702e-04
3.8743048906e-01 8.8468956528e-04 8.6028466467e-04
3.8793104887e-01 8.9280947577e-04 8.7065750267e-04
3.8843157887e-01 9.0026826365e-04 8.7964435806e-04
3.8893213868e-01 9.0705108596e-04 8.8972441154e-04
3.8943269849e-01 9.1315747704e-04 8.9530978585e-04
3.8993325830e-01 9.1860356042e-04 9.0228079353e-04
3.9043381810e-01 9.2342152493e-04 9.1143447207e-04
3.9093437791e-01 9.2765915906e-04 9.1900571715e-04
3.9143493772e-01 9.3137827935e-04 9.2546438100e-04
3.9193549752e-01 9.3465176178e-04 9.3034136808e-04
3.9243602753e-01 9.3756266870e-04 9.3647907488e-04
3.9293658733e-01 9.4020063989e-04 9.4224157510e-04
3.9343714714e-01 9.4265805092e-04 9.4656780129e-04
3.9393770695e-01 9.4502733555e-04 9.5060525928e-04
3.9443826675e-01 9.4739749329e-04 9.5380377024e-04
3.9493882656e-01 9.4985100441e-04 9.5683347899e-04
3.9543938637e-01 9.5246121055e-04 9.6159812529e-04
3.9593994617e-01 9.5528917154e-04 9.6659926930e-04
3.9644047618e-01 9.5838285051e-04 9.6654437948e-04
3.9694103599e-01 9.6177530941e-04 9.7063323483e-04
3.9744159579e-01 9.6548459260e-04 9.7392371390e-04
3.9794215560e-01 9.6951291198e-04 9.7499409458e-04
3.9844271541e-01 9.7384810215e-04 9.7603560425e-04
3.9894327521e-01 9.7846437711e-04 9.7943958826e-04
3.9944383502e-01 9.8332331982e-04 9.8177383188e-04
3.9994439483e-01 9.8837690894e-04 9.8297500517e-04
4.0044492483e-01 9.9356716964e-04 9.8499900196e-04
4.0094548464e-01 9.9883100484e-04 9.8563916981e-04
4.0144604445e-01 1.0040984489e-03 9.8800857086e-04
4.0194660425e-01 1.0092969751e-03 9.8941917531e-04
4.0244716406e-01 1.0143524269e-03 9.9123117980e-04
4.0294772387e-01 1.0191887850e-03 9.9286250770e-04
4.0344828367e-01 1.0237307288e-03 9.9370512180e-04
4.0394884348e-01 1.0279030539e-03 9.9416938610e-04
4.0444937348e-01 1.0316319531e-03 9.9593854975e-04
4.0494993329e-01 1.0348458309e-03 9.9335098639e-04
4.0545049310e-01 1.0374739068e-03 9.9440908525e-04
4.0595105290e-01 1.0394483106e-03 9.9360931199e-04
4.0645161271e-01 1.0407037335e-03 9.9115562625e-04
4.0695217252e-01 1.0411781259e-03 9.8878704011e-04
4.0745273232e-01 1.0408136295e-03 9.8675652407e-04
4.0795329213e-01 1.0395571589e-03 9.8378432449e-04
4.0845385194e-01 1.0373617988e-03 9.7982201260e-04
4.0895438194e-01 1.0341877351e-03 9.7458390519e-04
4.0945494175e-01 1.0300030699e-03 9.7115634708e-04
4.0995550156e-01 1.0247861501e-03 9.6278835554e-04
4.1045606136e-01 1.0185253341e-03 9.5738406526e-04
4.1095662117e-01 1.0112216696e-03 9.4993849052e-04
4.1145718098e-01 1.0028867982e-03 9.4180385349e-04
4.1195774078e-01 9.9354633130e-04 9.3333539553e-04
4.1245830059e-01 9.8323822021e-04 9.2427810887e-04
4.1295883060e-01 9.7201380413e-04 9.1366498964e-04
4.1345939040e-01 9.5993449213e-04 9.0532080503e-04
4.1395995021e-01 9.4707281096e-04 8.9436519193e-04
4.1446051002e-01 9.3351147370e-04 8.8434037752e-04
4.1496106982e-01 9.1934087686e-04 8.7407289539e-04
4.1546162963e-01 9.0465717949e-04 8.6193840252e-04
4.1596218944e-01 8.8956160471e-04 8.5207610391e-04
4.1646274924e-01 8.7415467715e-04 8.3974265726e-04
4.1696327925e-01 8.5854087956e-04 8.2750752335e-04
4.1746383905e-01 8.4281922318e-04 8.1587617751e-04
4.1796439886e-01 8.2708924310e-04 8.0486078514e-04
4.1846495867e-01 8.1144220894e-04 7.9317722702e-04
4.1896551847e-01 7.9596607247e-04 7.8071857570e-04
4.1946607828e-01 7.8074127669e-04 7.7002239414e-04
4.1996663809e-01 7.6584069757e-04 7.5749604730e-04
4.2046719790e-01 7.5133051723e-04 7.4562826194e-04
4.2096772790e-01 7.3726725532e-04 7.3459831765e-04
4.2146828771e-01 7.2369974805e-04 7.2550791083e-04
4.2196884751e-01 7.1067118552e-04 7.1294512600e-04
4.2246940732e-01 6.9821748184e-04 7.0297630737e-04
4.2296996713e-01 6.8636634387e-04 6.9302530028e-04
4.2347052693e-01 6.7514146212e-04 6.8316742545e-04
4.2397108674e-01 6.6456105560e-04 6.7364244023e-04
4.2447164655e-01 6.5463833744e-04 6.6456850618e-04
4.2497217655e-01 6.4538436709e-04 6.5486418316e-04
4.2547273636e-01 6.3680310268e-04 6.4815196674e-04
4.2597329617e-01 6.2889937544e-04 6.4008263871e-04
4.2647385597e-01 6.2167446595e-04 6.3406967092e-04
4.2697441578e-01 6.1512767570e-04 6.2656850787e-04
4.2747497559e-01 6.0925714206e-04 6.2100472860e-04
4.2797553539e-01 6.0405844124e-04 6.1504769837e-04
4.2847609520e-01 5.9952703305e-04 6.1072176322e-04
4.2897665501e-01 5.9565698029e-04 6.0649588704e-04
4.2947718501e-01 5.9244135628e-04 6.0272263363e-04
4.2997774482e-01 5.8987090597e-04 6.0012348695e-04
4.3047830462e-01 5.8793643257e-04 5.9658195823e-04
4.3097886443e-01 5.8662646916e-04 5.9544050600e-04
4.3147942424e-01 5.8592780260e-04 5.9370778035e-04
4.3197998405e-01 5.8582471684e-04 5.9297849657e-04
4.3248054385e-01 5.8629922569e-04 5.9271318605e-04
4.3298110366e-01 5.8732973412e-04 5.9360341402e-04
4.3348163366e-01 5.8889127104e-04 5.9419492027e-04
4.3398219347e-01 5.9095502365e-04 5.9557548957e-04
4.3448275328e-01 5.9348711511e-04 5.9652671916e-04
4.3498331308e-01 5.9644976864e-04 5.9904606314e-04
4.3548387289e-01 5.9979973594e-04 6.0115306405e-04
4.3598443270e-01 6.0348887928e-04 6.0323992511e-04
4.3648499250e-01 6.0746422969e-04 6.0665409546e-04
4.3698555231e-01 6.1166891828e-04 6.0941453557e-04
4.3748608232e-01 6.1604171060e-04 6.1347981682e-04
4.3798664212e-01 6.2051904388e-04 6.1656569596e-04
4.3848720193e-01 6.2503508525e-04 6.1990530230e-04
4.3898776174e-01 6.2952307053e-04 6.2345102197e-04
4.3948832154e-01 6.3391798176e-04 6.2737701228e-04
4.3998888135e-01 6.3815619797e-04 6.3129083719e-04
4.4048944116e-01 6.4217828913e-04 6.3506135484e-04
4.4099000096e-01 6.4592965646e-04 6.3847890124e-04
4.4149053097e-01 6.4936326817e-04 6.4138846938e-04
4.4199109077e-01 6.5244012512e-04 6.4491556259e-04
4.4249165058e-01 6.5512984293e-04 6.4720358932e-04
4.4299221039e-01 6.5741251456e-04 6.4868939808e-04
4.4349277020e-01 6.5927853575e-04 6.5347139025e-04
4.4399333000e-01 6.6072947811e-04 6.5439310856e-04
4.4449388981e-01 6.6177733243e-04 6.5638730302e-04
4.4499444962e-01 6.6244439222e-04 6.5817905124e-04
4.4549497962e-01 6.6276232246e-04 6.5840699244e-04
4.4599553943e-01 6.6277105361e-04 6.5966683906e-04
4.4649609923e-01 6.6251773387e-04 6.5967527917e-04
4.4699665904e-01 6.6205509938e-04 6.5919355256e-04
4.4749721885e-01 6.6143949516e-04 6.5853318665e-04
4.4799777865e-01 6.6072976915e-04 6.5884931246e-04
4.4849833846e-01 6.5998506034e-04 6.5848609665e-04
4.4899889827e-01 6.5926351817e-04 6.5805693157e-04
4.4949945807e-01 6.5862061456e-04 6.5651879413e-04
4.4999998808e-01 6.5810792148e-04 6.5476220334e-04
