# energy_au reference prediction
# model=../materials_project/models/densityToSpec/cnn_model_full.pt
# density_npz=/home/ubuntu/datasets/new_mol_all/3935/density_M3935.npz
# reference_dat=/home/ubuntu/datasets/new_mol_all/3935/tddft_spectrum_gamma_150meV_M3935.dat
# reference_mode=training_scaled
0.0000000000e+00 1.8915123292e-05 2.0307243176e-05
5.0055619795e-04 1.8918468413e-05 2.0324601792e-05
1.0011123959e-03 1.8925129552e-05 2.0357889298e-05
1.5016684774e-03 1.8935041226e-05 2.0317005692e-05
2.0022247918e-03 1.8948112483e-05 2.0394090825e-05
2.5027808733e-03 1.8964228730e-05 2.0365658202e-05
3.0033369549e-03 1.8983244445e-05 2.0435461920e-05
3.5038932692e-03 1.9005003196e-05 2.0395862521e-05
4.0044495836e-03 1.9029332179e-05 2.0481022148e-05
4.5050056651e-03 1.9056044039e-05 2.0506575311e-05
5.0055617467e-03 1.9084947780e-05 2.0540710466e-05
5.5061178282e-03 1.9115848772e-05 2.0630390281e-05
6.0066739097e-03 1.9148557840e-05 2.0550105546e-05
6.5072304569e-03 1.9182889446e-05 2.0633735403e-05
7.0077865385e-03 1.9218668967e-05 2.0650888473e-05
7.5083426200e-03 1.9255719963e-05 2.0665322154e-05
8.0088991672e-03 1.9293898731e-05 2.0698920707e-05
8.5094552487e-03 1.9333054297e-05 2.0768602553e-05
9.0100113302e-03 1.9373064788e-05 2.0813800802e-05
9.5105674118e-03 1.9413817427e-05 2.0866855266e-05
1.0011123493e-02 1.9455212168e-05 2.0956898879e-05
1.0511679575e-02 1.9497161702e-05 2.0959876565e-05
1.1012235656e-02 1.9539595087e-05 2.1046756956e-05
1.1512791738e-02 1.9582450477e-05 2.1081501473e-05
1.2013347819e-02 1.9625673303e-05 2.1131379981e-05
1.2513903901e-02 1.9669225367e-05 2.1181378543e-05
1.3014460914e-02 1.9713072106e-05 2.1238156478e-05
1.3515016995e-02 1.9757182599e-05 2.1231764549e-05
1.4015573077e-02 1.9801542294e-05 2.1296758860e-05
1.4516129158e-02 1.9846125724e-05 2.1331397875e-05
1.5016685240e-02 1.9890925614e-05 2.1442729121e-05
1.5517241322e-02 1.9935932869e-05 2.1460456992e-05
1.6017798334e-02 1.9981136575e-05 2.1472094886e-05
1.6518354416e-02 2.0026533093e-05 2.1484825993e-05
1.7018910497e-02 2.0072118787e-05 2.1620284315e-05
1.7519466579e-02 2.0117893655e-05 2.1619707695e-05
1.8020022660e-02 2.0163852241e-05 2.1692583687e-05
1.8520578742e-02 2.0209998183e-05 2.1754880436e-05
1.9021134824e-02 2.0256331482e-05 2.1804948119e-05
1.9521690905e-02 2.0302846679e-05 2.1813411877e-05
2.0022246987e-02 2.0349549231e-05 2.1917792765e-05
2.0522803068e-02 2.0396439140e-05 2.1964611733e-05
2.1023359150e-02 2.0443512767e-05 2.1958769139e-05
2.1523915231e-02 2.0490779207e-05 2.2027330488e-05
2.2024471313e-02 2.0538231183e-05 2.2098576665e-05
2.2525027394e-02 2.0585874154e-05 2.2175327103e-05
2.3025583476e-02 2.0633709937e-05 2.2276155505e-05
2.3526139557e-02 2.0681738533e-05 2.2234438802e-05
2.4026695639e-02 2.0729961761e-05 2.2324675228e-05
2.4527251720e-02 2.0778381440e-05 2.2325677492e-05
2.5027807802e-02 2.0826995751e-05 2.2432390324e-05
2.5528365746e-02 2.0875808332e-05 2.2440830435e-05
2.6028921828e-02 2.0924819182e-05 2.2516258468e-05
2.6529477909e-02 2.0974031941e-05 2.2550115318e-05
2.7030033991e-02 2.1023446607e-05 2.2611757231e-05
2.7530590072e-02 2.1073063181e-05 2.2697086024e-05
2.8031146154e-02 2.1122883481e-05 2.2736830942e-05
2.8531702235e-02 2.1172911147e-05 2.2799255021e-05
2.9032258317e-02 2.1223146177e-05 2.2878581149e-05
2.9532814398e-02 2.1273588573e-05 2.2912798158e-05
3.0033370480e-02 2.1324240151e-05 2.2981030270e-05
3.0533926561e-02 2.1375104552e-05 2.3007509299e-05
3.1034482643e-02 2.1426179956e-05 2.3066280846e-05
3.1535040587e-02 2.1477470000e-05 2.3215065085e-05
3.2035596669e-02 2.1528976504e-05 2.3188544219e-05
3.2536152750e-02 2.1580697648e-05 2.3213635359e-05
3.3036708832e-02 2.1632637072e-05 2.3313350539e-05
3.3537264913e-02 2.1684796593e-05 2.3350790798e-05
3.4037820995e-02 2.1737181669e-05 2.3435823095e-05
3.4538377076e-02 2.1789783204e-05 2.3516318834e-05
3.5038933158e-02 2.1842612114e-05 2.3573971703e-05
3.5539489239e-02 2.1895668397e-05 2.3627751943e-05
3.6040045321e-02 2.1948946596e-05 2.3600661734e-05
3.6540601403e-02 2.2002457627e-05 2.3718421289e-05
3.7041157484e-02 2.2056197849e-05 2.3792581487e-05
3.7541713566e-02 2.2110172722e-05 2.3844642783e-05
3.8042269647e-02 2.2164376787e-05 2.3892069294e-05
3.8542825729e-02 2.2218819140e-05 2.3936770958e-05
3.9043381810e-02 2.2273497962e-05 2.3949502065e-05
3.9543937892e-02 2.2328413252e-05 2.4112790925e-05
4.0044493973e-02 2.2383572286e-05 2.4179478714e-05
4.0545050055e-02 2.2438971428e-05 2.4224138542e-05
4.1045606136e-02 2.2494612494e-05 2.4249540729e-05
4.1546162218e-02 2.2550500944e-05 2.4250743081e-05
4.2046718299e-02 2.2606636776e-05 2.4420616683e-05
4.2547274381e-02 2.2663019990e-05 2.4477159968e-05
4.3047830462e-02 2.2719654226e-05 2.4585559004e-05
4.3548386544e-02 2.2776541300e-05 2.4612279958e-05
4.4048942626e-02 2.2833683033e-05 2.4650993510e-05
4.4549498707e-02 2.2891079425e-05 2.4714134270e-05
4.5050054789e-02 2.2948735932e-05 2.4735547413e-05
4.5550610870e-02 2.3006648917e-05 2.4870871130e-05
4.6051166952e-02 2.3064825655e-05 2.4847684472e-05
4.6551723033e-02 2.3123266146e-05 2.4985078198e-05
4.7052279115e-02 2.3181972210e-05 2.4966902856e-05
4.7552835196e-02 2.3240945666e-05 2.4996970751e-05
4.8053391278e-02 2.3300190151e-05 2.5152477974e-05
4.8553947359e-02 2.3359703846e-05 2.5169343644e-05
4.9054503441e-02 2.3419492209e-05 2.5274193831e-05
4.9555059522e-02 2.3479555239e-05 2.5384173568e-05
5.0055615604e-02 2.3539896574e-05 2.5391389499e-05
5.0556171685e-02 2.3600516215e-05 2.5468303647e-05
5.1056731492e-02 2.3661419618e-05 2.5598836146e-05
5.1557287574e-02 2.3722606784e-05 2.5582765375e-05
5.2057843655e-02 2.3784081350e-05 2.5654911951e-05
5.2558399737e-02 2.3845843316e-05 2.5784629543e-05
5.3058955818e-02 2.3907896320e-05 2.5839870432e-05
5.3559511900e-02 2.3970240363e-05 2.5871036996e-05
5.4060067981e-02 2.4032880901e-05 2.5917572202e-05
5.4560624063e-02 2.4095819754e-05 2.6009336580e-05
5.5061180145e-02 2.4159056920e-05 2.6100839023e-05
5.5561736226e-02 2.4222596039e-05 2.6163928851e-05
5.6062292308e-02 2.4286440748e-05 2.6202444133e-05
5.6562848389e-02 2.4350592867e-05 2.6352970963e-05
5.7063404471e-02 2.4415054213e-05 2.6369689294e-05
5.7563960552e-02 2.4479828426e-05 2.6429332138e-05
5.8064516634e-02 2.4544915505e-05 2.6521034670e-05
5.8565072715e-02 2.4610319088e-05 2.6580170015e-05
5.9065628797e-02 2.4676044632e-05 2.6563990104e-05
5.9566184878e-02 2.4742090318e-05 2.6673757020e-05
6.0066740960e-02 2.4808461603e-05 2.6807016184e-05
6.0567297041e-02 2.4875160307e-05 2.6928690204e-05
6.1067853123e-02 2.4942190066e-05 2.6935393180e-05
6.1568409204e-02 2.5009549063e-05 2.7010426493e-05
6.2068965286e-02 2.5077246391e-05 2.7011934435e-05
6.2569521368e-02 2.5145282052e-05 2.7215330192e-05
6.3070081174e-02 2.5213659683e-05 2.7293865060e-05
6.3570633531e-02 2.5282381102e-05 2.7331438105e-05
6.4071193337e-02 2.5351448130e-05 2.7278785637e-05
6.4571745694e-02 2.5420868042e-05 2.7432432034e-05
6.5072305501e-02 2.5490639018e-05 2.7483703889e-05
6.5572857857e-02 2.5560764698e-05 2.7560028684e-05
6.6073417664e-02 2.5631252356e-05 2.7592808692e-05
6.6573970020e-02 2.5702098355e-05 2.7693142329e-05
6.7074529827e-02 2.5773311791e-05 2.7756535928e-05
6.7575082183e-02 2.5844894481e-05 2.7764053812e-05
6.8075641990e-02 2.5916848244e-05 2.7927624615e-05
6.8576194346e-02 2.5989176720e-05 2.8017364457e-05
6.9076754153e-02 2.6061887183e-05 2.8055037546e-05
6.9577306509e-02 2.6134972359e-05 2.8143940654e-05
7.0077866316e-02 2.6208448617e-05 2.8232745535e-05
7.0578418672e-02 2.6282312319e-05 2.8393271350e-05
7.1078978479e-02 2.6356567105e-05 2.8373209716e-05
7.1579530835e-02 2.6431216611e-05 2.8412636311e-05
7.2080090642e-02 2.6506266295e-05 2.8468930395e-05
7.2580642998e-02 2.6581719794e-05 2.8692460546e-05
7.3081202805e-02 2.6657580747e-05 2.8674885471e-05
7.3581755161e-02 2.6733850973e-05 2.8830045267e-05
7.4082314968e-02 2.6810535928e-05 2.8924696380e-05
7.4582867324e-02 2.6887637432e-05 2.8934229704e-05
7.5083427131e-02 2.6965162760e-05 2.9037642889e-05
7.5583979487e-02 2.7043111913e-05 2.9116064979e-05
7.6084539294e-02 2.7121493986e-05 2.9221868317e-05
7.6585091650e-02 2.7200308978e-05 2.9336782973e-05
7.7085651457e-02 2.7279562346e-05 2.9338656532e-05
7.7586203814e-02 2.7359257729e-05 2.9439444916e-05
7.8086763620e-02 2.7439402402e-05 2.9623421142e-05
7.8587315977e-02 2.7519994546e-05 2.9668348361e-05
7.9087875783e-02 2.7601046895e-05 2.9780121622e-05
7.9588428140e-02 2.7682557629e-05 2.9930793971e-05
8.0088987947e-02 2.7764532206e-05 2.9936662031e-05
8.0589540303e-02 2.7846976081e-05 3.0002071071e-05
8.1090100110e-02 2.7929898351e-05 3.0171573599e-05
8.1590659916e-02 2.8013295378e-05 3.0319735743e-05
8.2091212273e-02 2.8097174436e-05 3.0422468626e-05
8.2591772079e-02 2.8181546440e-05 3.0467341276e-05
8.3092324436e-02 2.8266411391e-05 3.0531493394e-05
8.3592884243e-02 2.8351774745e-05 3.0730308936e-05
8.4093436599e-02 2.8437640140e-05 3.0874129152e-05
8.4593996406e-02 2.8524018489e-05 3.0952181987e-05
8.5094548762e-02 2.8610907975e-05 3.1004252378e-05
8.5595108569e-02 2.8698319511e-05 3.1214342016e-05
8.6095660925e-02 2.8786256735e-05 3.1262352422e-05
8.6596220732e-02 2.8874725103e-05 3.1346524338e-05
8.7096773088e-02 2.8963730074e-05 3.1316929380e-05
8.7597332895e-02 2.9053278922e-05 3.1562838558e-05
8.8097885251e-02 2.9143377105e-05 3.1595256587e-05
8.8598445058e-02 2.9234026442e-05 3.1804607715e-05
8.9098997414e-02 2.9325241485e-05 3.1852428947e-05
8.9599557221e-02 2.9417022233e-05 3.1905881769e-05
9.0100109577e-02 2.9509372325e-05 3.2137235394e-05
9.0600669384e-02 2.9602309951e-05 3.2235180697e-05
9.1101221740e-02 2.9695829653e-05 3.2376919989e-05
9.1601781547e-02 2.9789944165e-05 3.2549800380e-05
9.2102333903e-02 2.9884653486e-05 3.2600153645e-05
9.2602893710e-02 2.9979975807e-05 3.2674190152e-05
9.3103446066e-02 3.0075909308e-05 3.2829924749e-05
9.3604005873e-02 3.0172466722e-05 3.2929419831e-05
9.4104558229e-02 3.0269649869e-05 3.3149666706e-05
9.4605118036e-02 3.0367473300e-05 3.3307846024e-05
9.5105670393e-02 3.0465935197e-05 3.3345379052e-05
9.5606230199e-02 3.0565053748e-05 3.3514075767e-05
9.6106782556e-02 3.0664825317e-05 3.3686053939e-05
9.6607342362e-02 3.0765269912e-05 3.3689248085e-05
9.7107894719e-02 3.0866387533e-05 3.3848889871e-05
9.7608454525e-02 3.0968192732e-05 3.4096628951e-05
9.8109006882e-02 3.1070685509e-05 3.4202130337e-05
9.8609566689e-02 3.1173884054e-05 3.4314682125e-05
9.9110119045e-02 3.1277788366e-05 3.4518867324e-05
9.9610678852e-02 3.1382416637e-05 3.4578570194e-05
1.0011123121e-01 3.1487768865e-05 3.4790751670e-05
1.0061179101e-01 3.1593863241e-05 3.4878350561e-05
1.0111234337e-01 3.1700703403e-05 3.5072545870e-05
1.0161290318e-01 3.1808303902e-05 3.5159951949e-05
1.0211346298e-01 3.1916668377e-05 3.5492281313e-05
1.0261401534e-01 3.2025815017e-05 3.5616481910e-05
1.0311457515e-01 3.2135743822e-05 3.5526667489e-05
1.0361512750e-01 3.2246476621e-05 3.5819721234e-05
1.0411568731e-01 3.2358020690e-05 3.5957295040e-05
1.0461623967e-01 3.2470383303e-05 3.6195720895e-05
1.0511679947e-01 3.2583575376e-05 3.6271652789e-05
1.0561735183e-01 3.2697615097e-05 3.6669567635e-05
1.0611791164e-01 3.2812517020e-05 3.6770245060e-05
1.0661846399e-01 3.2928284782e-05 3.6886078306e-05
1.0711902380e-01 3.3044929296e-05 3.7207704736e-05
1.0761957616e-01 3.3162472391e-05 3.7449208321e-05
1.0812013596e-01 3.3280921343e-05 3.7616191548e-05
1.0862068832e-01 3.3400290704e-05 3.7869172957e-05
1.0912124813e-01 3.3520595025e-05 3.7970065023e-05
1.0962180048e-01 3.3641848859e-05 3.8350641262e-05
1.1012236029e-01 3.3764063119e-05 3.8517653593e-05
1.1062291265e-01 3.3887255995e-05 3.8870522985e-05
1.1112347245e-01 3.4011449316e-05 3.9037600800e-05
1.1162402481e-01 3.4136639442e-05 3.9310754801e-05
1.1212458462e-01 3.4262862755e-05 3.9569018554e-05
1.1262513697e-01 3.4390126530e-05 3.9934551751e-05
1.1312569678e-01 3.4518448956e-05 3.9879763790e-05
1.1362624913e-01 3.4647840948e-05 4.0226714191e-05
1.1412680894e-01 3.4778331610e-05 4.0523682401e-05
1.1462736130e-01 3.4909928218e-05 4.0768038161e-05
1.1512792110e-01 3.5042659874e-05 4.1171806515e-05
1.1562847346e-01 3.5176537494e-05 4.1313873226e-05
1.1612903327e-01 3.5311586544e-05 4.1655912355e-05
1.1662958562e-01 3.5447821574e-05 4.1834071453e-05
1.1713014543e-01 3.5585268051e-05 4.2102547013e-05
1.1763069779e-01 3.5723940528e-05 4.2423820560e-05
1.1813125759e-01 3.5863871744e-05 4.2600018787e-05
1.1863180995e-01 3.6005076254e-05 4.2819396185e-05
1.1913236976e-01 3.6147579522e-05 4.2952091462e-05
1.1963292211e-01 3.6291407014e-05 4.3221753003e-05
1.2013348192e-01 3.6436584196e-05 4.3576346798e-05
1.2063403428e-01 3.6583132896e-05 4.3644242396e-05
1.2113459408e-01 3.6731082218e-05 4.3789372285e-05
1.2163515389e-01 3.6880457628e-05 4.4254724344e-05
1.2213570625e-01 3.7031284592e-05 4.4518525101e-05
1.2263626605e-01 3.7183603126e-05 4.4849184633e-05
1.2313681841e-01 3.7337427784e-05 4.5066110033e-05
1.2363737822e-01 3.7492802221e-05 4.5258140744e-05
1.2413793057e-01 3.7649748265e-05 4.5540145948e-05
1.2463849038e-01 3.7808305933e-05 4.5578050049e-05
1.2513904274e-01 3.7968504330e-05 4.5861073886e-05
1.2563960254e-01 3.8130383473e-05 4.6480501624e-05
1.2614016235e-01 3.8293976104e-05 4.6403969463e-05
1.2664070725e-01 3.8459318603e-05 4.6831584768e-05
1.2714126706e-01 3.8626454625e-05 4.7232213547e-05
1.2764182687e-01 3.8795420551e-05 4.7384572099e-05
1.2814238667e-01 3.8966263674e-05 4.7538098443e-05
1.2864293158e-01 3.9139016735e-05 4.7724301112e-05
1.2914349139e-01 3.9313741581e-05 4.8133635573e-05
1.2964405119e-01 3.9490463678e-05 4.8435551435e-05
1.3014461100e-01 3.9669252146e-05 4.8580113798e-05
1.3064515591e-01 3.9850139729e-05 4.9074049457e-05
1.3114571571e-01 4.0033191908e-05 4.9323334679e-05
1.3164627552e-01 4.0218459617e-05 4.9674115871e-05
1.3214683533e-01 4.0406004700e-05 5.0308713980e-05
1.3264738023e-01 4.0595870814e-05 5.0698941777e-05
1.3314794004e-01 4.0788130718e-05 5.1085713494e-05
1.3364849985e-01 4.0982853534e-05 5.1450777391e-05
1.3414905965e-01 4.1180097469e-05 5.2033756219e-05
1.3464960456e-01 4.1379931645e-05 5.2616494941e-05
1.3515016437e-01 4.1582436097e-05 5.3084728279e-05
1.3565072417e-01 4.1787690861e-05 5.3302508604e-05
1.3615128398e-01 4.1995765059e-05 5.4136820836e-05
1.3665182889e-01 4.2206749640e-05 5.4592128436e-05
1.3715238869e-01 4.2420728278e-05 5.5422086007e-05
1.3765294850e-01 4.2637799197e-05 5.6152130128e-05
1.3815350831e-01 4.2858053348e-05 5.6533252064e-05
1.3865405321e-01 4.3081588956e-05 5.7592165831e-05
1.3915461302e-01 4.3308526074e-05 5.7990469941e-05
1.3965517282e-01 4.3538970203e-05 5.8731850004e-05
1.4015573263e-01 4.3773041398e-05 5.9504720411e-05
1.4065627754e-01 4.4010852434e-05 6.0530499468e-05
1.4115683734e-01 4.4252552470e-05 6.1392842326e-05
1.4165739715e-01 4.4498272473e-05 6.1931168602e-05
1.4215795696e-01 4.4748157961e-05 6.2795763370e-05
1.4265851676e-01 4.5002369006e-05 6.3636973209e-05
1.4315906167e-01 4.5261054765e-05 6.4257226768e-05
1.4365962148e-01 4.5524418965e-05 6.5221182012e-05
1.4416018128e-01 4.5792625315e-05 6.6066306317e-05
1.4466074109e-01 4.6065873903e-05 6.6840490035e-05
1.4516128600e-01 4.6344368457e-05 6.7209912231e-05
1.4566184580e-01 4.6628345444e-05 6.8287561589e-05
1.4616240561e-01 4.6918041335e-05 6.8784655014e-05
1.4666296542e-01 4.7213703510e-05 6.9481531682e-05
1.4716351032e-01 4.7515601182e-05 7.0364716521e-05
1.4766407013e-01 4.7824043577e-05 7.0569854870e-05
1.4816462994e-01 4.8139318096e-05 7.1176196798e-05
1.4866518974e-01 4.8461777624e-05 7.1832269896e-05
1.4916573465e-01 4.8791771405e-05 7.2448769060e-05
1.4966629446e-01 4.9129703257e-05 7.2635142715e-05
1.5016685426e-01 4.9475984270e-05 7.3103947216e-05
1.5066741407e-01 4.9831072829e-05 7.3389754107e-05
1.5116795897e-01 5.0195441872e-05 7.4194678746e-05
1.5166851878e-01 5.0569648010e-05 7.4538009358e-05
1.5216907859e-01 5.0954269682e-05 7.5177260442e-05
1.5266963840e-01 5.1349921705e-05 7.4882424087e-05
1.5317018330e-01 5.1757291658e-05 7.5365052908e-05
1.5367074311e-01 5.2177150792e-05 7.5759809988e-05
1.5417130291e-01 5.2610314015e-05 7.5534793723e-05
1.5467186272e-01 5.3057679906e-05 7.6537231507e-05
1.5517240763e-01 5.3520208894e-05 7.6604053902e-05
1.5567296743e-01 5.3999032389e-05 7.6726013504e-05
1.5617352724e-01 5.4495321820e-05 7.6447649917e-05
1.5667408705e-01 5.5010397773e-05 7.6849115430e-05
1.5717463195e-01 5.5545671785e-05 7.7066091762e-05
1.5767519176e-01 5.6102791859e-05 7.6972522947e-05
1.5817575157e-01 5.6683475123e-05 7.6983531471e-05
1.5867631137e-01 5.7289664255e-05 7.6439820987e-05
1.5917685628e-01 5.7923447457e-05 7.6535929111e-05
1.5967741609e-01 5.8587178501e-05 7.6477816037e-05
1.6017797589e-01 5.9283411247e-05 7.6527532656e-05
1.6067853570e-01 6.0014896007e-05 7.6403892308e-05
1.6117908061e-01 6.0784688685e-05 7.5903248216e-05
1.6167964041e-01 6.1596096202e-05 7.6188407547e-05
1.6218020022e-01 6.2452701968e-05 7.5414442108e-05
1.6268076003e-01 6.3358304033e-05 7.5769814430e-05
1.6318131983e-01 6.4316998760e-05 7.5405958341e-05
1.6368186474e-01 6.5333115344e-05 7.4804549513e-05
1.6418242455e-01 6.6411259468e-05 7.4979790952e-05
1.6468298435e-01 6.7556175054e-05 7.4796749686e-05
1.6518354416e-01 6.8772751547e-05 7.4641153333e-05
1.6568408906e-01 7.0065943873e-05 7.4708987086e-05
1.6618464887e-01 7.1440772444e-05 7.4380259321e-05
1.6668520868e-01 7.2902068496e-05 7.4163130193e-05
1.6718576849e-01 7.4454546848e-05 7.4359159044e-05
1.6768631339e-01 7.6102463936e-05 7.4056901212e-05
1.6818687320e-01 7.7849828813e-05 7.3961615271e-05
1.6868743300e-01 7.9699799244e-05 7.4195668276e-05
1.6918799281e-01 8.1654885435e-05 7.3933159001e-05
1.6968853772e-01 8.3716447989e-05 7.3832015914e-05
1.7018909752e-01 8.5884988948e-05 7.4258707173e-05
1.7068965733e-01 8.8159526058e-05 7.4055205914e-05
1.7119021714e-01 9.0537650976e-05 7.4414281698e-05
1.7169076204e-01 9.3015340099e-05 7.4562216469e-05
1.7219132185e-01 9.5587056421e-05 7.4256473454e-05
1.7269188166e-01 9.8245356639e-05 7.4315030361e-05
1.7319244146e-01 1.0098092753e-04 7.4555144238e-05
1.7369298637e-01 1.0378268053e-04 7.4465431680e-05
1.7419354618e-01 1.0663804278e-04 7.4646952271e-05
1.7469410598e-01 1.0953252786e-04 7.4777097325e-05
1.7519466579e-01 1.1245033238e-04 7.5147981988e-05
1.7569521070e-01 1.1537422688e-04 7.5417141488e-05
1.7619577050e-01 1.1828641436e-04 7.5338961324e-05
1.7669633031e-01 1.2116802827e-04 7.5590134657e-05
1.7719689012e-01 1.2400005653e-04 7.5265787018e-05
1.7769743502e-01 1.2676352344e-04 7.5771182310e-05
1.7819799483e-01 1.2944008631e-04 7.6032061770e-05
1.7869855464e-01 1.3201213733e-04 7.6083379099e-05
1.7919911444e-01 1.3446340745e-04 7.6139636803e-05
1.7969965935e-01 1.3677922834e-04 7.6476397226e-05
1.8020021915e-01 1.3894717267e-04 7.6713426097e-05
1.8070077896e-01 1.4095705410e-04 7.7058823081e-05
1.8120133877e-01 1.4280126197e-04 7.7649310697e-05
1.8170188367e-01 1.4447497961e-04 7.7758537373e-05
1.8220244348e-01 1.4597656264e-04 7.8380398918e-05
1.8270300329e-01 1.4730713156e-04 7.8635152022e-05
1.8320356309e-01 1.4847092098e-04 7.9497272964e-05
1.8370412290e-01 1.4947494492e-04 8.0167970737e-05
1.8420466781e-01 1.5032901138e-04 8.0439494923e-05
1.8470522761e-01 1.5104534396e-04 8.1185447925e-05
1.8520578742e-01 1.5163831995e-04 8.1730868260e-05
1.8570634723e-01 1.5212412109e-04 8.2122809545e-05
1.8620689213e-01 1.5252034063e-04 8.3300430560e-05
1.8670745194e-01 1.5284561960e-04 8.4300154413e-05
1.8720801175e-01 1.5311909374e-04 8.5052692157e-05
1.8770857155e-01 1.5336020442e-04 8.6490545073e-05
1.8820911646e-01 1.5358813107e-04 8.7552856712e-05
1.8870967627e-01 1.5382154379e-04 8.8788139692e-05
1.8921023607e-01 1.5407832689e-04 9.0026602265e-05
1.8971079588e-01 1.5437531692e-04 9.1070563940e-05
1.9021134079e-01 1.5472814266e-04 9.3188275059e-05
1.9071190059e-01 1.5515129780e-04 9.4857663498e-05
1.9121246040e-01 1.5565793728e-04 9.6241048595e-05
1.9171302021e-01 1.5626011009e-04 9.7646166978e-05
1.9221356511e-01 1.5696878836e-04 1.0002936324e-04
1.9271412492e-01 1.5779430396e-04 1.0190229659e-04
1.9321468472e-01 1.5874633391e-04 1.0403675697e-04
1.9371524453e-01 1.5983435151e-04 1.0622329137e-04
1.9421578944e-01 1.6106791736e-04 1.0863953503e-04
1.9471634924e-01 1.6245707229e-04 1.1142701987e-04
1.9521690905e-01 1.6401241010e-04 1.1382668163e-04
1.9571746886e-01 1.6574555775e-04 1.1659519805e-04
1.9621801376e-01 1.6766923363e-04 1.1980308773e-04
1.9671857357e-01 1.6979762586e-04 1.2270765728e-04
1.9721913338e-01 1.7214618856e-04 1.2568502279e-04
1.9771969318e-01 1.7473168555e-04 1.2940765009e-04
1.9822023809e-01 1.7757214664e-04 1.3318384299e-04
1.9872079790e-01 1.8068675126e-04 1.3711818610e-04
1.9922135770e-01 1.8409523182e-04 1.4110874326e-04
1.9972191751e-01 1.8781749532e-04 1.4574402303e-04
2.0022246242e-01 1.9187321595e-04 1.5042950690e-04
2.0072302222e-01 1.9628155860e-04 1.5484423784e-04
2.0122358203e-01 2.0105985459e-04 1.5903181338e-04
2.0172414184e-01 2.0622335433e-04 1.6432894336e-04
2.0222468674e-01 2.1178429597e-04 1.6962004884e-04
2.0272524655e-01 2.1775199275e-04 1.7440311785e-04
2.0322580636e-01 2.2413079569e-04 1.8058421847e-04
2.0372636616e-01 2.3092067568e-04 1.8681598885e-04
2.0422692597e-01 2.3811633582e-04 1.9164562400e-04
2.0472747087e-01 2.4570649839e-04 1.9789983344e-04
2.0522803068e-01 2.5367474882e-04 2.0335978479e-04
2.0572859049e-01 2.6199800777e-04 2.0974634390e-04
2.0622915030e-01 2.7064757887e-04 2.1521563758e-04
2.0672969520e-01 2.7958850842e-04 2.2214639466e-04
2.0723025501e-01 2.8878165176e-04 2.2755886312e-04
2.0773081481e-01 2.9818239273e-04 2.3343173962e-04
2.0823137462e-01 3.0774218612e-04 2.3934728233e-04
2.0873191953e-01 3.1740943086e-04 2.4490989745e-04
2.0923247933e-01 3.2713101245e-04 2.5038106833e-04
2.0973303914e-01 3.3685224480e-04 2.5529591949e-04
2.1023359895e-01 3.4651847091e-04 2.6204707683e-04
2.1073414385e-01 3.5607640166e-04 2.6510725729e-04
2.1123470366e-01 3.6547603668e-04 2.7042691363e-04
2.1173526347e-01 3.7467014045e-04 2.7509755455e-04
2.1223582327e-01 3.8361665793e-04 2.7874097577e-04
2.1273636818e-01 3.9227877278e-04 2.8463962371e-04
2.1323692799e-01 4.0062732296e-04 2.8828150243e-04
2.1373748779e-01 4.0863911272e-04 2.9093338526e-04
2.1423804760e-01 4.1629938642e-04 2.9659626307e-04
2.1473859251e-01 4.2360092630e-04 2.9872756568e-04
2.1523915231e-01 4.3054542039e-04 3.0288888956e-04
2.1573971212e-01 4.3714151252e-04 3.0693749432e-04
2.1624027193e-01 4.4340579188e-04 3.0957011040e-04
2.1674081683e-01 4.4936142513e-04 3.1281466363e-04
2.1724137664e-01 4.5503786532e-04 3.1665255665e-04
2.1774193645e-01 4.6046922216e-04 3.1864483026e-04
2.1824249625e-01 4.6569335973e-04 3.2190102502e-04
2.1874304116e-01 4.7075017937e-04 3.2612690120e-04
2.1924360096e-01 4.7568089212e-04 3.2852930599e-04
2.1974416077e-01 4.8052534112e-04 3.3111681114e-04
2.2024472058e-01 4.8532124492e-04 3.3506934415e-04
2.2074526548e-01 4.9010192743e-04 3.3739916398e-04
2.2124582529e-01 4.9489591038e-04 3.4190420411e-04
2.2174638510e-01 4.9972406123e-04 3.4554884769e-04
2.2224694490e-01 5.0459953491e-04 3.4685840365e-04
2.2274748981e-01 5.0952605670e-04 3.5026704427e-04
2.2324804962e-01 5.1449815510e-04 3.5494688200e-04
2.2374860942e-01 5.1949970657e-04 3.5705170012e-04
2.2424916923e-01 5.2450416842e-04 3.5889257560e-04
2.2474972904e-01 5.2947527729e-04 3.6323399399e-04
2.2525027394e-01 5.3436675807e-04 3.6703108344e-04
2.2575083375e-01 5.3912459407e-04 3.6975272815e-04
2.2625139356e-01 5.4368679412e-04 3.7255630014e-04
2.2675195336e-01 5.4798607016e-04 3.7672283361e-04
2.2725249827e-01 5.5195082678e-04 3.8006840623e-04
2.2775305808e-01 5.5550807156e-04 3.8195346133e-04
2.2825361788e-01 5.5858463747e-04 3.8515368942e-04
2.2875417769e-01 5.6110951118e-04 3.8949953159e-04
2.2925472260e-01 5.6301656878e-04 3.9273386938e-04
2.2975528240e-01 5.6424638024e-04 3.9641765761e-04
2.3025584221e-01 5.6474766461e-04 3.9832378388e-04
2.3075640202e-01 5.6447967654e-04 4.0210766019e-04
2.3125694692e-01 5.6341337040e-04 4.0536580491e-04
2.3175750673e-01 5.6153244805e-04 4.0752114728e-04
2.3225806653e-01 5.5883423192e-04 4.1293748654e-04
2.3275862634e-01 5.5532995611e-04 4.1528113070e-04
2.3325917125e-01 5.5104511557e-04 4.1765384958e-04
2.3375973105e-01 5.4601801094e-04 4.2092142394e-04
2.3426029086e-01 5.4030033061e-04 4.2410602327e-04
2.3476085067e-01 5.3395505529e-04 4.2730465066e-04
2.3526139557e-01 5.2705558483e-04 4.3058441952e-04
2.3576195538e-01 5.1968323532e-04 4.3440863374e-04
2.3626251519e-01 5.1192630781e-04 4.3695274508e-04
2.3676307499e-01 5.0387741067e-04 4.4080908992e-04
2.3726361990e-01 4.9563148059e-04 4.4607155723e-04
2.3776417971e-01 4.8728307593e-04 4.4906057883e-04
2.3826473951e-01 4.7892509610e-04 4.5572168892e-04
2.3876529932e-01 4.7064613318e-04 4.5866769506e-04
2.3926584423e-01 4.6252942411e-04 4.6357538668e-04
2.3976640403e-01 4.5464938739e-04 4.6783345169e-04
2.4026696384e-01 4.4707229245e-04 4.7266538604e-04
2.4076752365e-01 4.3985419325e-04 4.7764423653e-04
2.4126806855e-01 4.3304052087e-04 4.8280999181e-04
2.4176862836e-01 4.2666503577e-04 4.8810246517e-04
2.4226918817e-01 4.2075093370e-04 4.9298116937e-04
2.4276974797e-01 4.1531052557e-04 4.9682293320e-04
2.4327030778e-01 4.1034622700e-04 5.0343119074e-04
2.4377085268e-01 4.0585172246e-04 5.0561258104e-04
2.4427141249e-01 4.0181263466e-04 5.1213992992e-04
2.4477197230e-01 3.9820894017e-04 5.1790475845e-04
2.4527253211e-01 3.9501624997e-04 5.2230071742e-04
2.4577307701e-01 3.9220761391e-04 5.2881124429e-04
2.4627363682e-01 3.8975506322e-04 5.3289299831e-04
2.4677419662e-01 3.8763179327e-04 5.3796690190e-04
2.4727475643e-01 3.8581364788e-04 5.4472620832e-04
2.4777530134e-01 3.8428019616e-04 5.4920493858e-04
2.4827586114e-01 3.8301598397e-04 5.5505189812e-04
2.4877642095e-01 3.8201155257e-04 5.5960781174e-04
2.4927698076e-01 3.8126387517e-04 5.6512752781e-04
2.4977752566e-01 3.8077638601e-04 5.6990748271e-04
2.5027808547e-01 3.8055880577e-04 5.7389878202e-04
2.5077864528e-01 3.8062687963e-04 5.7970522903e-04
2.5127920508e-01 3.8100124220e-04 5.8359524701e-04
2.5177976489e-01 3.8170651533e-04 5.8946385980e-04
2.5228032470e-01 3.8276994019e-04 5.9367640642e-04
2.5278085470e-01 3.8421992213e-04 5.9687416069e-04
2.5328141451e-01 3.8608460454e-04 6.0205551563e-04
2.5378197432e-01 3.8839012268e-04 6.0496979859e-04
2.5428253412e-01 3.9115923573e-04 6.1171280686e-04
2.5478309393e-01 3.9440963883e-04 6.1628362164e-04
2.5528365374e-01 3.9815291530e-04 6.2079529744e-04
2.5578421354e-01 4.0239313967e-04 6.2671565684e-04
2.5628477335e-01 4.0712655755e-04 6.2950002030e-04
2.5678530335e-01 4.1234018863e-04 6.3664646586e-04
2.5728586316e-01 4.1801267071e-04 6.4293522155e-04
2.5778642297e-01 4.2411277536e-04 6.4764777198e-04
2.5828698277e-01 4.3060028111e-04 6.5208511660e-04
2.5878754258e-01 4.3742713751e-04 6.5905990778e-04
2.5928810239e-01 4.4453758164e-04 6.6426559351e-04
2.5978866220e-01 4.5186892385e-04 6.6966307350e-04
2.6028922200e-01 4.5935303206e-04 6.7532341927e-04
2.6078975201e-01 4.6691799071e-04 6.8273220677e-04
2.6129031181e-01 4.7449045815e-04 6.9025118137e-04
2.6179087162e-01 4.8199488083e-04 6.9853983587e-04
2.6229143143e-01 4.8935704399e-04 7.0381438127e-04
2.6279199123e-01 4.9650517758e-04 7.1211147588e-04
2.6329255104e-01 5.0337245921e-04 7.1935990127e-04
2.6379311085e-01 5.0989771262e-04 7.2888343129e-04
2.6429367065e-01 5.1602697931e-04 7.4056902668e-04
2.6479423046e-01 5.2171543939e-04 7.4661505641e-04
2.6529476047e-01 5.2692793543e-04 7.5343163917e-04
2.6579532027e-01 5.3164165001e-04 7.6406210428e-04
2.6629588008e-01 5.3584453417e-04 7.7180756489e-04
2.6679643989e-01 5.3953716997e-04 7.8288622899e-04
2.6729699969e-01 5.4273236310e-04 7.9210789409e-04
2.6779755950e-01 5.4545589956e-04 8.0029555829e-04
2.6829811931e-01 5.4774514865e-04 8.0992997391e-04
2.6879867911e-01 5.4964830633e-04 8.2103401655e-04
2.6929920912e-01 5.5122358026e-04 8.2969065988e-04
2.6979976892e-01 5.5253779283e-04 8.4285967750e-04
2.7030032873e-01 5.5366422748e-04 8.5088686319e-04
2.7080088854e-01 5.5468088249e-04 8.6177076446e-04
2.7130144835e-01 5.5566855008e-04 8.7373203132e-04
2.7180200815e-01 5.5670837173e-04 8.8210322428e-04
2.7230256796e-01 5.5787974270e-04 8.9392543305e-04
2.7280312777e-01 5.5925839115e-04 9.0247520711e-04
2.7330365777e-01 5.6091404986e-04 9.1376475757e-04
2.7380421758e-01 5.6290946668e-04 9.2321913689e-04
2.7430477738e-01 5.6529795984e-04 9.3623268185e-04
2.7480533719e-01 5.6812359253e-04 9.4342295779e-04
2.7530589700e-01 5.7141989237e-04 9.5361052081e-04
2.7580645680e-01 5.7520985138e-04 9.6192565979e-04
2.7630701661e-01 5.7950627524e-04 9.7146054031e-04
2.7680757642e-01 5.8431201614e-04 9.7842293326e-04
2.7730810642e-01 5.8962195180e-04 9.8528421950e-04
2.7780866623e-01 5.9542438248e-04 9.9159171805e-04
2.7830922604e-01 6.0170132201e-04 9.9731679074e-04
2.7880978584e-01 6.0843105894e-04 1.0003242642e-03
2.7931034565e-01 6.1559071764e-04 1.0071098804e-03
2.7981090546e-01 6.2315701507e-04 1.0099348146e-03
2.8031146526e-01 6.3110818155e-04 1.0119799990e-03
2.8081202507e-01 6.3942553243e-04 1.0164952837e-03
2.8131255507e-01 6.4809381729e-04 1.0193646885e-03
2.8181311488e-01 6.5710511990e-04 1.0196573567e-03
2.8231367469e-01 6.6645524930e-04 1.0170852765e-03
2.8281423450e-01 6.7614606814e-04 1.0197274387e-03
2.8331479430e-01 6.8618473597e-04 1.0186404688e-03
2.8381535411e-01 6.9658318534e-04 1.0198673699e-03
2.8431591392e-01 7.0735812187e-04 1.0184417479e-03
2.8481647372e-01 7.1852840483e-04 1.0189150926e-03
2.8531703353e-01 7.3011423228e-04 1.0176325450e-03
2.8581756353e-01 7.4213481275e-04 1.0158021469e-03
2.8631812334e-01 7.5461121742e-04 1.0176496580e-03
2.8681868315e-01 7.6755904593e-04 1.0150201852e-03
2.8731924295e-01 7.8099034727e-04 1.0199262761e-03
2.8781980276e-01 7.9491233919e-04 1.0217272211e-03
2.8832036257e-01 8.0932606943e-04 1.0220994009e-03
2.8882092237e-01 8.2422775449e-04 1.0252412176e-03
2.8932148218e-01 8.3960662596e-04 1.0294808308e-03
2.8982201219e-01 8.5544475587e-04 1.0320077417e-03
2.9032257199e-01 8.7172194617e-04 1.0380424792e-03
2.9082313180e-01 8.8841019897e-04 1.0410045506e-03
2.9132369161e-01 9.0548105072e-04 1.0476621101e-03
2.9182425141e-01 9.2290318571e-04 1.0538662318e-03
2.9232481122e-01 9.4064476434e-04 1.0638848180e-03
2.9282537103e-01 9.5867516939e-04 1.0735914111e-03
2.9332593083e-01 9.7696820740e-04 1.0814677225e-03
2.9382646084e-01 9.9550001323e-04 1.0911497520e-03
2.9432702065e-01 1.0142549872e-03 1.1052917689e-03
2.9482758045e-01 1.0332207894e-03 1.1166397016e-03
2.9532814026e-01 1.0523925303e-03 1.1308939429e-03
2.9582870007e-01 1.0717737023e-03 1.1435892666e-03
2.9632925987e-01 1.0913729202e-03 1.1579155689e-03
2.9682981968e-01 1.1112043867e-03 1.1758346809e-03
2.9733037949e-01 1.1312860297e-03 1.1912318878e-03
2.9783090949e-01 1.1516397353e-03 1.2072011596e-03
2.9833146930e-01 1.1722912313e-03 1.2257798808e-03
2.9883202910e-01 1.1932621710e-03 1.2439212296e-03
2.9933258891e-01 1.2145735091e-03 1.2610509293e-03
2.9983314872e-01 1.2362424750e-03 1.2792963535e-03
3.0033370852e-01 1.2582836207e-03 1.3020978076e-03
3.0083426833e-01 1.2807050953e-03 1.3195700012e-03
3.0133482814e-01 1.3035093434e-03 1.3407566585e-03
3.0183535814e-01 1.3266920578e-03 1.3622310944e-03
3.0233591795e-01 1.3502479997e-03 1.3797085267e-03
3.0283647776e-01 1.3741668081e-03 1.4005552512e-03
3.0333703756e-01 1.3984363759e-03 1.4155120589e-03
3.0383759737e-01 1.4230443630e-03 1.4360925416e-03
3.0433815718e-01 1.4479807578e-03 1.4516531955e-03
3.0483871698e-01 1.4732424170e-03 1.4668974327e-03
3.0533927679e-01 1.4988308540e-03 1.4828084968e-03
3.0583983660e-01 1.5247550327e-03 1.4963259455e-03
3.0634036660e-01 1.5510317171e-03 1.5095657436e-03
3.0684092641e-01 1.5776896616e-03 1.5223968076e-03
3.0734148622e-01 1.6047635581e-03 1.5330153983e-03
3.0784204602e-01 1.6322939191e-03 1.5427310718e-03
3.0834260583e-01 1.6603240510e-03 1.5507225180e-03
3.0884316564e-01 1.6888971440e-03 1.5576711157e-03
3.0934372544e-01 1.7180502182e-03 1.5630666167e-03
3.0984428525e-01 1.7478129594e-03 1.5639488120e-03
3.1034481525e-01 1.7781959614e-03 1.5697538620e-03
3.1084537506e-01 1.8091928214e-03 1.5721224481e-03
3.1134593487e-01 1.8407650059e-03 1.5721742529e-03
3.1184649467e-01 1.8728470895e-03 1.5737448120e-03
3.1234705448e-01 1.9053363940e-03 1.5682425583e-03
3.1284761429e-01 1.9380911253e-03 1.5691824956e-03
3.1334817410e-01 1.9709309563e-03 1.5693129972e-03
3.1384873390e-01 2.0036357455e-03 1.5656409087e-03
3.1434926391e-01 2.0359486807e-03 1.5623597428e-03
3.1484982371e-01 2.0675847773e-03 1.5586038353e-03
3.1535038352e-01 2.0982248243e-03 1.5582216438e-03
3.1585094333e-01 2.1275312174e-03 1.5553032281e-03
3.1635150313e-01 2.1551577374e-03 1.5512930695e-03
3.1685206294e-01 2.1807546727e-03 1.5486174962e-03
3.1735262275e-01 2.2039804608e-03 1.5458933776e-03
3.1785318255e-01 2.2245126311e-03 1.5450218925e-03
3.1835371256e-01 2.2420568857e-03 1.5433992958e-03
3.1885427237e-01 2.2563631646e-03 1.5432136133e-03
3.1935483217e-01 2.2672226187e-03 1.5381627018e-03
3.1985539198e-01 2.2744832095e-03 1.5412806533e-03
3.2035595179e-01 2.2780525032e-03 1.5399403637e-03
3.2085651159e-01 2.2779013962e-03 1.5425321180e-03
3.2135707140e-01 2.2740655113e-03 1.5431777574e-03
3.2185763121e-01 2.2666428704e-03 1.5438382979e-03
3.2235816121e-01 2.2557931952e-03 1.5470527578e-03
3.2285872102e-01 2.2417309228e-03 1.5478766290e-03
3.2335928082e-01 2.2247193847e-03 1.5524313785e-03
3.2385984063e-01 2.2050631233e-03 1.5555854188e-03
3.2436040044e-01 2.1830997430e-03 1.5602030326e-03
3.2486096025e-01 2.1591878030e-03 1.5673256712e-03
3.2536152005e-01 2.1337012295e-03 1.5712569002e-03
3.2586207986e-01 2.1070123184e-03 1.5793634811e-03
3.2636263967e-01 2.0794898737e-03 1.5856361715e-03
3.2686316967e-01 2.0514896605e-03 1.5949108638e-03
3.2736372948e-01 2.0233385731e-03 1.6039651819e-03
3.2786428928e-01 1.9953427836e-03 1.6132844612e-03
3.2836484909e-01 1.9677693490e-03 1.6216189833e-03
3.2886540890e-01 1.9408512162e-03 1.6332992818e-03
3.2936596870e-01 1.9147834973e-03 1.6432959819e-03
3.2986652851e-01 1.8897231203e-03 1.6581520904e-03
3.3036708832e-01 1.8657856854e-03 1.6673693899e-03
3.3086761832e-01 1.8430547789e-03 1.6871303087e-03
3.3136817813e-01 1.8215767341e-03 1.6997901257e-03
3.3186873794e-01 1.8013722729e-03 1.7153774388e-03
3.3236929774e-01 1.7824358074e-03 1.7338377656e-03
3.3286985755e-01 1.7647388158e-03 1.7507508164e-03
3.3337041736e-01 1.7482375260e-03 1.7696359428e-03
3.3387097716e-01 1.7328761751e-03 1.7895086203e-03
3.3437153697e-01 1.7185913166e-03 1.8092254177e-03
3.3487206697e-01 1.7053139163e-03 1.8305715639e-03
3.3537262678e-01 1.6929729609e-03 1.8525905907e-03
3.3587318659e-01 1.6815016279e-03 1.8724250840e-03
3.3637374640e-01 1.6708360054e-03 1.8964774208e-03
3.3687430620e-01 1.6609183513e-03 1.9214057829e-03
3.3737486601e-01 1.6516963951e-03 1.9486809615e-03
3.3787542582e-01 1.6431268305e-03 1.9693125505e-03
3.3837598562e-01 1.6351744998e-03 1.9961581565e-03
3.3887651563e-01 1.6278125113e-03 2.0252622198e-03
3.3937707543e-01 1.6210202593e-03 2.0496582147e-03
3.3987763524e-01 1.6147857532e-03 2.0768956747e-03
3.4037819505e-01 1.6091032885e-03 2.1025817841e-03
3.4087875485e-01 1.6039727489e-03 2.1303296089e-03
3.4137931466e-01 1.5993994894e-03 2.1598325111e-03
3.4187987447e-01 1.5953922411e-03 2.1875402890e-03
3.4238043427e-01 1.5919633443e-03 2.2125847172e-03
3.4288096428e-01 1.5891278163e-03 2.2392587271e-03
3.4338152409e-01 1.5869014896e-03 2.2690063342e-03
3.4388208389e-01 1.5853019431e-03 2.2963988595e-03
3.4438264370e-01 1.5843468718e-03 2.3194109090e-03
3.4488320351e-01 1.5840540873e-03 2.3455235641e-03
3.4538376331e-01 1.5844409354e-03 2.3739479948e-03
3.4588432312e-01 1.5855240636e-03 2.3983689025e-03
3.4638488293e-01 1.5873191878e-03 2.4220359046e-03
3.4688544273e-01 1.5898415586e-03 2.4364846759e-03
3.4738597274e-01 1.5931046801e-03 2.4643375073e-03
3.4788653255e-01 1.5971225221e-03 2.4876822717e-03
3.4838709235e-01 1.6019073082e-03 2.5013769045e-03
3.4888765216e-01 1.6074717278e-03 2.5235144421e-03
3.4938821197e-01 1.6138273058e-03 2.5390556548e-03
3.4988877177e-01 1.6209859168e-03 2.5525407400e-03
3.5038933158e-01 1.6289595515e-03 2.5699581020e-03
3.5088989139e-01 1.6377593856e-03 2.5815723930e-03
3.5139042139e-01 1.6473978758e-03 2.5978893973e-03
3.5189098120e-01 1.6578880604e-03 2.6072971523e-03
3.5239154100e-01 1.6692419304e-03 2.6192788500e-03
3.5289210081e-01 1.6814717092e-03 2.6296768337e-03
3.5339266062e-01 1.6945889220e-03 2.6385330129e-03
3.5389322042e-01 1.7086059088e-03 2.6476278435e-03
3.5439378023e-01 1.7235324485e-03 2.6581012644e-03
3.5489434004e-01 1.7393766902e-03 2.6594535448e-03
3.5539487004e-01 1.7561430577e-03 2.6693795808e-03
3.5589542985e-01 1.7738370225e-03 2.6737242006e-03
3.5639598966e-01 1.7924559070e-03 2.6787661482e-03
3.5689654946e-01 1.8119929591e-03 2.6816045865e-03
3.5739710927e-01 1.8324353732e-03 2.6869587600e-03
3.5789766908e-01 1.8537624273e-03 2.6903876569e-03
3.5839822888e-01 1.8759482773e-03 2.6862914674e-03
3.5889878869e-01 1.8989567179e-03 2.6916093193e-03
3.5939931870e-01 1.9227399025e-03 2.6932235342e-03
3.5989987850e-01 1.9472446293e-03 2.6903592516e-03
3.6040043831e-01 1.9724068698e-03 2.6887569111e-03
3.6090099812e-01 1.9981500227e-03 2.6870016009e-03
3.6140155792e-01 2.0243895706e-03 2.6823000517e-03
3.6190211773e-01 2.0510316826e-03 2.6791736018e-03
3.6240267754e-01 2.0779739134e-03 2.6744422503e-03
3.6290323734e-01 2.1051089279e-03 2.6714182459e-03
3.6340376735e-01 2.1323210094e-03 2.6664985344e-03
3.6390432715e-01 2.1594946738e-03 2.6572882198e-03
3.6440488696e-01 2.1865090821e-03 2.6512211189e-03
3.6490544677e-01 2.2132424638e-03 2.6481025852e-03
3.6540600657e-01 2.2395786364e-03 2.6413430460e-03
3.6590656638e-01 2.2654028144e-03 2.6337176096e-03
3.6640712619e-01 2.2906060331e-03 2.6302158367e-03
3.6690768600e-01 2.3150853813e-03 2.6256109122e-03
3.6740824580e-01 2.3387502879e-03 2.6184995659e-03
3.6790877581e-01 2.3615162354e-03 2.6166934986e-03
3.6840933561e-01 2.3833140731e-03 2.6150597259e-03
3.6890989542e-01 2.4040837307e-03 2.6121500414e-03
3.6941045523e-01 2.4237774778e-03 2.6083416305e-03
3.6991101503e-01 2.4423634168e-03 2.6121414267e-03
3.7041157484e-01 2.4598205928e-03 2.6098710950e-03
3.7091213465e-01 2.4761417881e-03 2.6094841305e-03
3.7141269445e-01 2.4913325906e-03 2.6131998748e-03
3.7191322446e-01 2.5054092985e-03 2.6171032805e-03
3.7241378427e-01 2.5184052065e-03 2.6196469553e-03
3.7291434407e-01 2.5303608272e-03 2.6269881055e-03
3.7341490388e-01 2.5413285475e-03 2.6343117934e-03
3.7391546369e-01 2.5513696019e-03 2.6366477832e-03
3.7441602349e-01 2.5605573319e-03 2.6451447047e-03
3.7491658330e-01 2.5689720642e-03 2.6549643371e-03
3.7541714311e-01 2.5767011102e-03 2.6630579960e-03
3.7591767311e-01 2.5838399306e-03 2.6703509502e-03
3.7641823292e-01 2.5904895738e-03 2.6803056244e-03
3.7691879272e-01 2.5967571419e-03 2.6883820537e-03
3.7741935253e-01 2.6027525309e-03 2.6975886431e-03
3.7791991234e-01 2.6085888967e-03 2.7040692512e-03
3.7842047215e-01 2.6143817231e-03 2.7110662777e-03
3.7892103195e-01 2.6202464942e-03 2.7190672699e-03
3.7942159176e-01 2.6262991596e-03 2.7282063384e-03
3.7992212176e-01 2.6326517109e-03 2.7371414471e-03
3.8042268157e-01 2.6394138113e-03 2.7399456594e-03
3.8092324138e-01 2.6466895360e-03 2.7487843763e-03
3.8142380118e-01 2.6545769069e-03 2.7533564717e-03
3.8192436099e-01 2.6631657965e-03 2.7575143613e-03
3.8242492080e-01 2.6725365315e-03 2.7635474689e-03
3.8292548060e-01 2.6827603579e-03 2.7686962858e-03
3.8342604041e-01 2.6938964147e-03 2.7709333226e-03
3.8392657042e-01 2.7059933636e-03 2.7806852013e-03
3.8442713022e-01 2.7190900873e-03 2.7835106011e-03
3.8492769003e-01 2.7332119644e-03 2.7900799178e-03
3.8542824984e-01 2.7483745944e-03 2.7902552392e-03
3.8592880964e-01 2.7645849623e-03 2.7983239852e-03
3.8642936945e-01 2.7818412054e-03 2.8037007432e-03
3.8692992926e-01 2.8001351748e-03 2.8117555194e-03
3.8743048906e-01 2.8194542974e-03 2.8154572938e-03
3.8793104887e-01 2.8397818096e-03 2.8234226629e-03
3.8843157887e-01 2.8611023445e-03 2.8303363360e-03
3.8893213868e-01 2.8834030963e-03 2.8398383874e-03
3.8943269849e-01 2.9066703282e-03 2.8446011711e-03
3.8993325830e-01 2.9308963567e-03 2.8564475942e-03
3.9043381810e-01 2.9560774565e-03 2.8628185391e-03
3.9093437791e-01 2.9822182842e-03 2.8742786963e-03
3.9143493772e-01 3.0093258247e-03 2.8846922796e-03
3.9193549752e-01 3.0374119524e-03 2.8989794664e-03
3.9243602753e-01 3.0664873775e-03 2.9063252732e-03
3.9293658733e-01 3.0965725891e-03 2.9217042029e-03
3.9343714714e-01 3.1276759692e-03 2.9329874087e-03
3.9393770695e-01 3.1598033383e-03 2.9477730859e-03
3.9443826675e-01 3.1929498073e-03 2.9615445528e-03
3.9493882656e-01 3.2270955853e-03 2.9764396604e-03
3.9543938637e-01 3.2622092403e-03 2.9907498974e-03
3.9593994617e-01 3.2982348930e-03 3.0051851645e-03
3.9644047618e-01 3.3350922167e-03 3.0210104305e-03
3.9694103599e-01 3.3726813272e-03 3.0343011022e-03
3.9744159579e-01 3.4108767286e-03 3.0530516524e-03
3.9794215560e-01 3.4495247528e-03 3.0670312699e-03
3.9844271541e-01 3.4884498455e-03 3.0794939958e-03
3.9894327521e-01 3.5274566617e-03 3.0971032102e-03
3.9944383502e-01 3.5663309973e-03 3.1140395440e-03
3.9994439483e-01 3.6048530601e-03 3.1297462992e-03
4.0044492483e-01 3.6427900195e-03 3.1444407068e-03
4.0094548464e-01 3.6799169611e-03 3.1613307074e-03
4.0144604445e-01 3.7160096690e-03 3.1726323068e-03
4.0194660425e-01 3.7508567329e-03 3.1838705763e-03
4.0244716406e-01 3.7842716556e-03 3.1995901372e-03
4.0294772387e-01 3.8160854019e-03 3.2113059424e-03
4.0344828367e-01 3.8461575750e-03 3.2247493509e-03
4.0394884348e-01 3.8743759505e-03 3.2364309300e-03
4.0444937348e-01 3.9006627630e-03 3.2452889718e-03
4.0494993329e-01 3.9249691181e-03 3.2599566039e-03
4.0545049310e-01 3.9472714998e-03 3.2734565903e-03
4.0595105290e-01 3.9675720036e-03 3.2795269508e-03
4.0645161271e-01 3.9858925156e-03 3.2868667040e-03
4.0695217252e-01 4.0022730827e-03 3.2978735399e-03
4.0745273232e-01 4.0167621337e-03 3.3081702422e-03
4.0795329213e-01 4.0294113569e-03 3.3171884716e-03
4.0845385194e-01 4.0402733721e-03 3.3259401098e-03
4.0895438194e-01 4.0493942797e-03 3.3334048931e-03
4.0945494175e-01 4.0568150580e-03 3.3453737851e-03
4.0995550156e-01 4.0625636466e-03 3.3500080463e-03
4.1045606136e-01 4.0666563436e-03 3.3581242897e-03
4.1095662117e-01 4.0691001341e-03 3.3667981625e-03
4.1145718098e-01 4.0698936209e-03 3.3759006765e-03
4.1195774078e-01 4.0690293536e-03 3.3857873641e-03
4.1245830059e-01 4.0664998814e-03 3.3931527287e-03
4.1295883060e-01 4.0623005480e-03 3.4031702671e-03
4.1345939040e-01 4.0564402007e-03 3.4141412470e-03
4.1395995021e-01 4.0489411913e-03 3.4248777665e-03
4.1446051002e-01 4.0398486890e-03 3.4404492471e-03
4.1496106982e-01 4.0292371996e-03 3.4548421390e-03
4.1546162963e-01 4.0172119625e-03 3.4680089448e-03
4.1596218944e-01 4.0039154701e-03 3.4864782356e-03
4.1646274924e-01 3.9895274676e-03 3.5042774398e-03
4.1696327925e-01 3.9742696099e-03 3.5218033008e-03
4.1746383905e-01 3.9583998732e-03 3.5404548980e-03
4.1796439886e-01 3.9422186092e-03 3.5599735565e-03
4.1846495867e-01 3.9260536432e-03 3.5812731367e-03
4.1896551847e-01 3.9102686569e-03 3.6055697128e-03
4.1946607828e-01 3.8952485193e-03 3.6324020475e-03
4.1996663809e-01 3.8813941646e-03 3.6638181191e-03
4.2046719790e-01 3.8691191003e-03 3.6877610255e-03
4.2096772790e-01 3.8588326424e-03 3.7164574023e-03
4.2146828771e-01 3.8509375881e-03 3.7515081931e-03
4.2196884751e-01 3.8458195049e-03 3.7808406632e-03
4.2246940732e-01 3.8438395131e-03 3.8134290371e-03
4.2296996713e-01 3.8453212474e-03 3.8483901881e-03
4.2347052693e-01 3.8505450357e-03 3.8841445930e-03
4.2397108674e-01 3.8597444072e-03 3.9170007221e-03
4.2447164655e-01 3.8730935194e-03 3.9534224197e-03
4.2497217655e-01 3.8907038979e-03 3.9924713783e-03
4.2547273636e-01 3.9126272313e-03 4.0315701626e-03
4.2597329617e-01 3.9388444275e-03 4.0698265657e-03
4.2647385597e-01 3.9692679420e-03 4.1124830022e-03
4.2697441578e-01 4.0037427098e-03 4.1491864249e-03
4.2747497559e-01 4.0420508012e-03 4.1899518110e-03
4.2797553539e-01 4.0839156136e-03 4.2321463116e-03
4.2847609520e-01 4.1290028021e-03 4.2697796598e-03
4.2897665501e-01 4.1769337840e-03 4.3102530763e-03
4.2947718501e-01 4.2272829451e-03 4.3500596657e-03
4.2997774482e-01 4.2796144262e-03 4.3881833553e-03
4.3047830462e-01 4.3334541842e-03 4.4294199906e-03
4.3097886443e-01 4.3883277103e-03 4.4663650915e-03
4.3147942424e-01 4.4437623583e-03 4.5052305795e-03
4.3197998405e-01 4.4992920011e-03 4.5355646871e-03
4.3248054385e-01 4.5544849709e-03 4.5720315538e-03
4.3298110366e-01 4.6089319512e-03 4.6122488566e-03
4.3348163366e-01 4.6622608788e-03 4.6398243867e-03
4.3398219347e-01 4.7141551040e-03 4.6720225364e-03
4.3448275328e-01 4.7643361613e-03 4.7006551176e-03
4.3498331308e-01 4.8125889152e-03 4.7291228548e-03
4.3548387289e-01 4.8587461933e-03 4.7589302994e-03
4.3598443270e-01 4.9026929773e-03 4.7803125344e-03
4.3648499250e-01 4.9443668686e-03 4.8039681278e-03
4.3698555231e-01 4.9837580882e-03 4.8233340494e-03
4.3748608232e-01 5.0208913162e-03 4.8393649049e-03
4.3798664212e-01 5.0558359362e-03 4.8513757065e-03
4.3848720193e-01 5.0886860117e-03 4.8663686030e-03
4.3898776174e-01 5.1195598207e-03 4.8746196553e-03
4.3948832154e-01 5.1485979930e-03 4.8815412447e-03
4.3998888135e-01 5.1759453490e-03 4.8884777352e-03
4.4048944116e-01 5.2017546259e-03 4.8866169527e-03
4.4099000096e-01 5.2261725068e-03 4.8895063810e-03
4.4149053097e-01 5.2493442781e-03 4.8883245327e-03
4.4199109077e-01 5.2714026533e-03 4.8804981634e-03
4.4249165058e-01 5.2924631163e-03 4.8712831922e-03
4.4299221039e-01 5.3126239218e-03 4.8620402813e-03
4.4349277020e-01 5.3319637664e-03 4.8477440141e-03
4.4399333000e-01 5.3505417891e-03 4.8338938504e-03
4.4449388981e-01 5.3683901206e-03 4.8188897781e-03
4.4499444962e-01 5.3855213337e-03 4.8019168898e-03
4.4549497962e-01 5.4019219242e-03 4.7837928869e-03
4.4599553943e-01 5.4175583646e-03 4.7628269531e-03
4.4649609923e-01 5.4323766381e-03 4.7378526069e-03
4.4699665904e-01 5.4463003762e-03 4.7205290757e-03
4.4749721885e-01 5.4592369124e-03 4.6957293525e-03
4.4799777865e-01 5.4710796103e-03 4.6772472560e-03
4.4849833846e-01 5.4817111231e-03 4.6549132094e-03
4.4899889827e-01 5.4910075851e-03 4.6313614585e-03
4.4949945807e-01 5.4988400079e-03 4.6091629192e-03
4.4999998808e-01 5.5050826631e-03 4.5855329372e-03
