# energy_au reference prediction
# model=../materials_project/models/densityToSpec/cnn_model_full.pt
# density_npz=/home/ubuntu/datasets/new_mol_all/972/density_M972.npz
# reference_dat=/home/ubuntu/datasets/new_mol_all/972/tddft_spectrum_gamma_150meV_M972.dat
# reference_mode=training_scaled
0.0000000000e+00 1.4739168364e-05 1.4822448065e-05
5.0055619795e-04 1.4743047359e-05 1.4764485059e-05
1.0011123959e-03 1.4750772607e-05 1.4805847968e-05
1.5016684774e-03 1.4762270439e-05 1.4820420802e-05
2.0022247918e-03 1.4777438992e-05 1.4827382984e-05
2.5027808733e-03 1.4796142750e-05 1.4864604964e-05
3.0033369549e-03 1.4818225281e-05 1.4824604477e-05
3.5038932692e-03 1.4843501958e-05 1.4932870727e-05
4.0044495836e-03 1.4871776330e-05 1.4977139472e-05
4.5050056651e-03 1.4902841031e-05 1.5018605154e-05
5.0055617467e-03 1.4936476873e-05 1.5013126358e-05
5.5061178282e-03 1.4972465578e-05 1.5087065549e-05
6.0066739097e-03 1.5010592506e-05 1.5066719243e-05
6.5072304569e-03 1.5050642105e-05 1.5098248696e-05
7.0077865385e-03 1.5092417925e-05 1.5156488189e-05
7.5083426200e-03 1.5135728972e-05 1.5208338482e-05
8.0088991672e-03 1.5180400624e-05 1.5239676941e-05
8.5094552487e-03 1.5226273717e-05 1.5302650354e-05
9.0100113302e-03 1.5273200916e-05 1.5311941752e-05
9.5105674118e-03 1.5321060346e-05 1.5387286112e-05
1.0011123493e-02 1.5369738321e-05 1.5466874174e-05
1.0511679575e-02 1.5419134797e-05 1.5492560124e-05
1.1012235656e-02 1.5469173377e-05 1.5557196093e-05
1.1512791738e-02 1.5519777662e-05 1.5592991986e-05
1.2013347819e-02 1.5570898540e-05 1.5624160369e-05
1.2513903901e-02 1.5622483261e-05 1.5749999875e-05
1.3014460914e-02 1.5674497263e-05 1.5763847841e-05
1.3515016995e-02 1.5726907804e-05 1.5828263713e-05
1.4015573077e-02 1.5779693058e-05 1.5895775505e-05
1.4516129158e-02 1.5832834833e-05 1.5908241039e-05
1.5016685240e-02 1.5886320398e-05 1.5985033315e-05
1.5517241322e-02 1.5940138837e-05 1.6011374100e-05
1.6017798334e-02 1.5994284695e-05 1.6034731743e-05
1.6518354416e-02 1.6048750695e-05 1.6080564819e-05
1.7018910497e-02 1.6103535017e-05 1.6214542484e-05
1.7519466579e-02 1.6158635844e-05 1.6243040591e-05
1.8020022660e-02 1.6214054995e-05 1.6293633962e-05
1.8520578742e-02 1.6269790649e-05 1.6350184524e-05
1.9021134824e-02 1.6325846445e-05 1.6446731024e-05
1.9521690905e-02 1.6382222384e-05 1.6548090571e-05
2.0022246987e-02 1.6438916646e-05 1.6529620552e-05
2.0522803068e-02 1.6495936507e-05 1.6644693460e-05
2.1023359150e-02 1.6553281966e-05 1.6638505258e-05
2.1523915231e-02 1.6610954845e-05 1.6679430701e-05
2.2024471313e-02 1.6668958779e-05 1.6789605070e-05
2.2525027394e-02 1.6727295588e-05 1.6874359062e-05
2.3025583476e-02 1.6785968910e-05 1.6950989448e-05
2.3526139557e-02 1.6844978745e-05 1.6972699086e-05
2.4026695639e-02 1.6904334188e-05 1.7079255485e-05
2.4527251720e-02 1.6964031602e-05 1.7069021851e-05
2.5027807802e-02 1.7024074623e-05 1.7144237063e-05
2.5528365746e-02 1.7084470528e-05 1.7237043721e-05
2.6028921828e-02 1.7145217498e-05 1.7288359231e-05
2.6529477909e-02 1.7206320990e-05 1.7341695639e-05
2.7030033991e-02 1.7267782823e-05 1.7441869204e-05
2.7530590072e-02 1.7329604816e-05 1.7500484319e-05
2.8031146154e-02 1.7391792426e-05 1.7480084352e-05
2.8531702235e-02 1.7454349290e-05 1.7652981114e-05
2.9032258317e-02 1.7517273591e-05 1.7672553440e-05
2.9532814398e-02 1.7580572603e-05 1.7707374354e-05
3.0033370480e-02 1.7644249965e-05 1.7786665921e-05
3.0533926561e-02 1.7708307496e-05 1.7837712221e-05
3.1034482643e-02 1.7772747015e-05 1.7909354938e-05
3.1535040587e-02 1.7837572159e-05 1.7969268811e-05
3.2035596669e-02 1.7902788386e-05 1.8049226128e-05
3.2536152750e-02 1.7968397515e-05 1.8072176317e-05
3.3036708832e-02 1.8034401364e-05 1.8236974938e-05
3.3537264913e-02 1.8100805391e-05 1.8311600797e-05
3.4037820995e-02 1.8167615053e-05 1.8407627067e-05
3.4538377076e-02 1.8234830350e-05 1.8489598006e-05
3.5038933158e-02 1.8302453100e-05 1.8514698240e-05
3.5539489239e-02 1.8370492398e-05 1.8651307983e-05
3.6040045321e-02 1.8438948246e-05 1.8619834009e-05
3.6540601403e-02 1.8507822460e-05 1.8696926418e-05
3.7041157484e-02 1.8577124138e-05 1.8738795916e-05
3.7541713566e-02 1.8646853277e-05 1.8886405087e-05
3.8042269647e-02 1.8717013518e-05 1.8948330762e-05
3.8542825729e-02 1.8787606678e-05 1.8965840354e-05
3.9043381810e-02 1.8858641852e-05 1.9109780624e-05
3.9543937892e-02 1.8930120859e-05 1.9105424144e-05
4.0044493973e-02 1.9002047338e-05 1.9226772565e-05
4.0545050055e-02 1.9074423108e-05 1.9329279894e-05
4.1045606136e-02 1.9147253624e-05 1.9333574528e-05
4.1546162218e-02 1.9220544345e-05 1.9449887986e-05
4.2046718299e-02 1.9294298909e-05 1.9512470317e-05
4.2547274381e-02 1.9368519133e-05 1.9664495994e-05
4.3047830462e-02 1.9443210476e-05 1.9640872779e-05
4.3548386544e-02 1.9518380213e-05 1.9709490516e-05
4.4048942626e-02 1.9594026526e-05 1.9867502488e-05
4.4549498707e-02 1.9670156689e-05 1.9891096599e-05
4.5050054789e-02 1.9746777980e-05 1.9992336092e-05
4.5550610870e-02 1.9823892217e-05 2.0124569346e-05
4.6051166952e-02 1.9901504857e-05 2.0158258849e-05
4.6551723033e-02 1.9979615900e-05 2.0213065000e-05
4.7052279115e-02 2.0058234441e-05 2.0370103812e-05
4.7552835196e-02 2.0137365937e-05 2.0357867470e-05
4.8053391278e-02 2.0217012207e-05 2.0497060177e-05
4.8553947359e-02 2.0297180527e-05 2.0565139494e-05
4.9054503441e-02 2.0377872715e-05 2.0648572900e-05
4.9555059522e-02 2.0459094230e-05 2.0777108148e-05
5.0055615604e-02 2.0540852347e-05 2.0802139261e-05
5.0556171685e-02 2.0623150704e-05 2.0853911337e-05
5.1056731492e-02 2.0705994757e-05 2.0928386220e-05
5.1557287574e-02 2.0789388145e-05 2.1030042262e-05
5.2057843655e-02 2.0873336325e-05 2.1148645828e-05
5.2558399737e-02 2.0957846573e-05 2.1243457013e-05
5.3058955818e-02 2.1042920707e-05 2.1312918761e-05
5.3559511900e-02 2.1128567823e-05 2.1364885470e-05
5.4060067981e-02 2.1214791559e-05 2.1521047529e-05
5.4560624063e-02 2.1301595552e-05 2.1630750780e-05
5.5061180145e-02 2.1388988898e-05 2.1635505618e-05
5.5561736226e-02 2.1476975235e-05 2.1744692276e-05
5.6062292308e-02 2.1565560019e-05 2.1844010917e-05
5.6562848389e-02 2.1654748707e-05 2.1904517780e-05
5.7063404471e-02 2.1744548576e-05 2.2068066755e-05
5.7563960552e-02 2.1834965082e-05 2.2075611923e-05
5.8064516634e-02 2.1926003683e-05 2.2201975298e-05
5.8565072715e-02 2.2017671654e-05 2.2274136427e-05
5.9065628797e-02 2.2109972633e-05 2.2421905669e-05
5.9566184878e-02 2.2202915716e-05 2.2455404178e-05
6.0066740960e-02 2.2296504540e-05 2.2591717425e-05
6.0567297041e-02 2.2390746381e-05 2.2627727958e-05
6.1067853123e-02 2.2485648515e-05 2.2799078579e-05
6.1568409204e-02 2.2581218218e-05 2.2854774215e-05
6.2068965286e-02 2.2677459128e-05 2.2985346732e-05
6.2569521368e-02 2.2774378522e-05 2.3139744371e-05
6.3070081174e-02 2.2871987312e-05 2.3157899705e-05
6.3570633531e-02 2.2970287318e-05 2.3332309866e-05
6.4071193337e-02 2.3069287636e-05 2.3347456590e-05
6.4571745694e-02 2.3168995540e-05 2.3466371204e-05
6.5072305501e-02 2.3269416488e-05 2.3611575671e-05
6.5572857857e-02 2.3370561394e-05 2.3687911380e-05
6.6073417664e-02 2.3472432076e-05 2.3678821890e-05
6.6573970020e-02 2.3575039449e-05 2.3834716558e-05
6.7074529827e-02 2.3678390789e-05 2.3886688723e-05
6.7575082183e-02 2.3782493372e-05 2.4055560061e-05
6.8075641990e-02 2.3887354473e-05 2.4170632969e-05
6.8576194346e-02 2.3992985007e-05 2.4207103706e-05
6.9076754153e-02 2.4099388611e-05 2.4389308237e-05
6.9577306509e-02 2.4206574381e-05 2.4403747375e-05
7.0077866316e-02 2.4314551410e-05 2.4511366064e-05
7.0578418672e-02 2.4423325158e-05 2.4581921025e-05
7.1078978479e-02 2.4532911993e-05 2.4628816391e-05
7.1579530835e-02 2.4643310098e-05 2.4713423045e-05
7.2080090642e-02 2.4754532205e-05 2.4885031962e-05
7.2580642998e-02 2.4866589229e-05 2.4952734748e-05
7.3081202805e-02 2.4979488444e-05 2.5007706427e-05
7.3581755161e-02 2.5093237127e-05 2.5138995625e-05
7.4082314968e-02 2.5207848012e-05 2.5163579267e-05
7.4582867324e-02 2.5323326554e-05 2.5333878511e-05
7.5083427131e-02 2.5439683668e-05 2.5476525479e-05
7.5583979487e-02 2.5556930268e-05 2.5470753826e-05
7.6084539294e-02 2.5675073630e-05 2.5550223654e-05
7.6585091650e-02 2.5794119210e-05 2.5737579563e-05
7.7085651457e-02 2.5914087018e-05 2.5782770535e-05
7.7586203814e-02 2.6034978873e-05 2.5898285458e-05
7.8086763620e-02 2.6156809326e-05 2.5935531085e-05
7.8587315977e-02 2.6279587473e-05 2.6109013561e-05
7.9087875783e-02 2.6403324227e-05 2.6185804018e-05
7.9588428140e-02 2.6528026865e-05 2.6361878554e-05
8.0088987947e-02 2.6653709938e-05 2.6355581213e-05
8.0589540303e-02 2.6780382541e-05 2.6598081604e-05
8.1090100110e-02 2.6908055588e-05 2.6624589736e-05
8.1590659916e-02 2.7036741812e-05 2.6675561458e-05
8.2091212273e-02 2.7166450309e-05 2.6791578421e-05
8.2591772079e-02 2.7297193810e-05 2.6969741157e-05
8.3092324436e-02 2.7428983230e-05 2.7018602850e-05
8.3592884243e-02 2.7561831303e-05 2.7139138183e-05
8.4093436599e-02 2.7695748940e-05 2.7357980798e-05
8.4593996406e-02 2.7830750696e-05 2.7367155781e-05
8.5094548762e-02 2.7966847483e-05 2.7501395380e-05
8.5595108569e-02 2.8104050216e-05 2.7744110412e-05
8.6095660925e-02 2.8242371627e-05 2.7868678444e-05
8.6596220732e-02 2.8381833545e-05 2.7923308153e-05
8.7096773088e-02 2.8522434150e-05 2.8116748581e-05
8.7597332895e-02 2.8664200727e-05 2.8238600862e-05
8.8097885251e-02 2.8807133276e-05 2.8288424801e-05
8.8598445058e-02 2.8951257264e-05 2.8511463825e-05
8.9098997414e-02 2.9096576327e-05 2.8653394111e-05
8.9599557221e-02 2.9243119570e-05 2.8724558433e-05
9.0100109577e-02 2.9390883356e-05 2.9088761949e-05
9.0600669384e-02 2.9539900424e-05 2.9050464946e-05
9.1101221740e-02 2.9690170777e-05 2.9103290217e-05
9.1601781547e-02 2.9841718060e-05 2.9438404454e-05
9.2102333903e-02 2.9994549550e-05 2.9643810194e-05
9.2602893710e-02 3.0148688893e-05 2.9627191907e-05
9.3103446066e-02 3.0304145184e-05 2.9789052860e-05
9.3604005873e-02 3.0460942071e-05 2.9990609619e-05
9.4104558229e-02 3.0619092286e-05 3.0177410736e-05
9.4605118036e-02 3.0778610380e-05 3.0317154597e-05
9.5105670393e-02 3.0939514545e-05 3.0418012102e-05
9.5606230199e-02 3.1101822970e-05 3.0562528991e-05
9.6106782556e-02 3.1265550206e-05 3.0747876735e-05
9.6607342362e-02 3.1430710806e-05 3.0996645364e-05
9.7107894719e-02 3.1597333873e-05 3.1176245102e-05
9.7608454525e-02 3.1765433960e-05 3.1377956475e-05
9.8109006882e-02 3.1935025618e-05 3.1534927984e-05
9.8609566689e-02 3.2106127037e-05 3.1601794035e-05
9.9110119045e-02 3.2278752769e-05 3.1831401429e-05
9.9610678852e-02 3.2452935557e-05 3.1993946322e-05
1.0011123121e-01 3.2628686313e-05 3.2095344068e-05
1.0061179101e-01 3.2806030504e-05 3.2302974432e-05
1.0111234337e-01 3.2984979043e-05 3.2459112845e-05
1.0161290318e-01 3.3165564673e-05 3.2742387702e-05
1.0211346298e-01 3.3347801946e-05 3.2764033676e-05
1.0261401534e-01 3.3531709050e-05 3.2873234886e-05
1.0311457515e-01 3.3717315091e-05 3.2974574424e-05
1.0361512750e-01 3.3904638258e-05 3.3321914088e-05
1.0411568731e-01 3.4093700378e-05 3.3450560295e-05
1.0461623967e-01 3.4284526919e-05 3.3658176108e-05
1.0511679947e-01 3.4477143345e-05 3.3824697312e-05
1.0561735183e-01 3.4671567846e-05 3.3982225432e-05
1.0611791164e-01 3.4867825889e-05 3.4167664126e-05
1.0661846399e-01 3.5065942939e-05 3.4218861401e-05
1.0711902380e-01 3.5265948100e-05 3.4442949982e-05
1.0761957616e-01 3.5467859561e-05 3.4748351027e-05
1.0812013596e-01 3.5671713704e-05 3.4918099118e-05
1.0862068832e-01 3.5877525079e-05 3.5246426705e-05
1.0912124813e-01 3.6085330066e-05 3.5482578824e-05
1.0962180048e-01 3.6295146856e-05 3.5690431105e-05
1.1012236029e-01 3.6507015466e-05 3.5971828765e-05
1.1062291265e-01 3.6720946810e-05 3.6360797822e-05
1.1112347245e-01 3.6936991819e-05 3.6649824324e-05
1.1162402481e-01 3.7155161408e-05 3.6874815123e-05
1.1212458462e-01 3.7375499232e-05 3.7270314351e-05
1.1262513697e-01 3.7598023482e-05 3.7592461013e-05
1.1312569678e-01 3.7822777813e-05 3.8060697989e-05
1.1362624913e-01 3.8049780414e-05 3.8306206989e-05
1.1412680894e-01 3.8279074943e-05 3.8794689317e-05
1.1462736130e-01 3.8510686863e-05 3.9121448935e-05
1.1512792110e-01 3.8744659832e-05 3.9620823372e-05
1.1562847346e-01 3.8981015678e-05 3.9794940676e-05
1.1612903327e-01 3.9219801693e-05 4.0583618102e-05
1.1662958562e-01 3.9461043343e-05 4.0868897486e-05
1.1713014543e-01 3.9704780647e-05 4.1110059101e-05
1.1763069779e-01 3.9951049985e-05 4.1616796807e-05
1.1813125759e-01 4.0199891373e-05 4.2251507693e-05
1.1863180995e-01 4.0451337554e-05 4.2608829972e-05
1.1913236976e-01 4.0705439460e-05 4.2997762648e-05
1.1963292211e-01 4.0962226194e-05 4.3662676035e-05
1.2013348192e-01 4.1221745050e-05 4.4067328417e-05
1.2063403428e-01 4.1484032408e-05 4.4808886742e-05
1.2113459408e-01 4.1749139200e-05 4.5597073040e-05
1.2163515389e-01 4.2017098167e-05 4.5936354581e-05
1.2213570625e-01 4.2287960241e-05 4.6774202929e-05
1.2263626605e-01 4.2561772716e-05 4.7314548283e-05
1.2313681841e-01 4.2838579247e-05 4.7890200221e-05
1.2363737822e-01 4.3118427129e-05 4.8822992539e-05
1.2413793057e-01 4.3401356379e-05 4.9321330152e-05
1.2463849038e-01 4.3687436118e-05 4.9903468607e-05
1.2513904274e-01 4.3976695451e-05 5.0753453252e-05
1.2563960254e-01 4.4269203499e-05 5.1560422435e-05
1.2614016235e-01 4.4565000280e-05 5.2499955927e-05
1.2664070725e-01 4.4864144002e-05 5.2881699958e-05
1.2714126706e-01 4.5166692871e-05 5.3566829592e-05
1.2764182687e-01 4.5472705096e-05 5.4708241805e-05
1.2814238667e-01 4.5782231609e-05 5.5450102082e-05
1.2864293158e-01 4.6095330617e-05 5.6068238337e-05
1.2914349139e-01 4.6412074880e-05 5.6519202190e-05
1.2964405119e-01 4.6732508054e-05 5.7484416175e-05
1.3014461100e-01 4.7056713811e-05 5.8481637097e-05
1.3064515591e-01 4.7384728532e-05 5.9089852584e-05
1.3114571571e-01 4.7716650442e-05 5.9985224652e-05
1.3164627552e-01 4.8052530474e-05 6.0872011090e-05
1.3214683533e-01 4.8392448662e-05 6.1712540628e-05
1.3264738023e-01 4.8736455938e-05 6.2654791691e-05
1.3314794004e-01 4.9084643251e-05 6.3485676947e-05
1.3364849985e-01 4.9437083362e-05 6.4659856434e-05
1.3414905965e-01 4.9793852668e-05 6.5245527367e-05
1.3464960456e-01 5.0155020290e-05 6.6141503339e-05
1.3515016437e-01 5.0520680816e-05 6.6633314418e-05
1.3565072417e-01 5.0890917919e-05 6.7733257310e-05
1.3615128398e-01 5.1265807997e-05 6.8976420152e-05
1.3665182889e-01 5.1645438361e-05 6.9276742579e-05
1.3715238869e-01 5.2029910876e-05 7.0659851190e-05
1.3765294850e-01 5.2419309213e-05 7.1706868766e-05
1.3815350831e-01 5.2813738876e-05 7.2917406214e-05
1.3865405321e-01 5.3213272622e-05 7.4258598033e-05
1.3915461302e-01 5.3618045058e-05 7.5656156696e-05
1.3965517282e-01 5.4028143495e-05 7.6071650255e-05
1.4015573263e-01 5.4443687986e-05 7.7669967141e-05
1.4065627754e-01 5.4864758567e-05 7.9183970229e-05
1.4115683734e-01 5.5291500757e-05 8.0486228399e-05
1.4165739715e-01 5.5724023696e-05 8.0522382632e-05
1.4215795696e-01 5.6162447436e-05 8.2287275291e-05
1.4265851676e-01 5.6606899307e-05 8.3469763922e-05
1.4315906167e-01 5.7057492086e-05 8.4304359916e-05
1.4365962148e-01 5.7514404034e-05 8.6560881755e-05
1.4416018128e-01 5.7977740653e-05 8.7513813924e-05
1.4466074109e-01 5.8447658375e-05 8.9267072326e-05
1.4516128600e-01 5.8924288169e-05 8.9596571343e-05
1.4566184580e-01 5.9407815570e-05 9.1050227638e-05
1.4616240561e-01 5.9898393374e-05 9.2860958830e-05
1.4666296542e-01 6.0396181652e-05 9.4105555036e-05
1.4716351032e-01 6.0901362303e-05 9.4986964541e-05
1.4766407013e-01 6.1414124502e-05 9.7109164926e-05
1.4816462994e-01 6.1934653786e-05 9.7960779385e-05
1.4866518974e-01 6.2463157519e-05 9.9518249044e-05
1.4916573465e-01 6.2999817601e-05 9.9895980384e-05
1.4966629446e-01 6.3544895966e-05 1.0149413720e-04
1.5016685426e-01 6.4098596340e-05 1.0199885583e-04
1.5066741407e-01 6.4661187935e-05 1.0316800763e-04
1.5116795897e-01 6.5232889028e-05 1.0423670756e-04
1.5166851878e-01 6.5813990659e-05 1.0524136451e-04
1.5216907859e-01 6.6404783865e-05 1.0601418035e-04
1.5266963840e-01 6.7005552410e-05 1.0670826305e-04
1.5317018330e-01 6.7616587330e-05 1.0767808999e-04
1.5367074311e-01 6.8238266977e-05 1.0775670671e-04
1.5417130291e-01 6.8870955147e-05 1.0919996566e-04
1.5467186272e-01 6.9514971983e-05 1.0918564658e-04
1.5517240763e-01 7.0170717663e-05 1.0932017904e-04
1.5567296743e-01 7.0838650572e-05 1.0970990115e-04
1.5617352724e-01 7.1519178164e-05 1.1011084280e-04
1.5667408705e-01 7.2212773375e-05 1.1060538236e-04
1.5717463195e-01 7.2919901868e-05 1.1114817607e-04
1.5767519176e-01 7.3641123890e-05 1.1119098053e-04
1.5817575157e-01 7.4376963312e-05 1.1153013475e-04
1.5867631137e-01 7.5127980381e-05 1.1146620818e-04
1.5917685628e-01 7.5894764450e-05 1.1090102635e-04
1.5967741609e-01 7.6677955803e-05 1.1132049985e-04
1.6017797589e-01 7.7478202002e-05 1.1199375149e-04
1.6067853570e-01 7.8296186985e-05 1.1195995467e-04
1.6117908061e-01 7.9132580140e-05 1.1226410425e-04
1.6167964041e-01 7.9988167272e-05 1.1243047629e-04
1.6218020022e-01 8.0863705080e-05 1.1211798119e-04
1.6268076003e-01 8.1759986642e-05 1.1222063767e-04
1.6318131983e-01 8.2677834143e-05 1.1284358334e-04
1.6368186474e-01 8.3618098870e-05 1.1250365060e-04
1.6418242455e-01 8.4581733972e-05 1.1340533092e-04
1.6468298435e-01 8.5569685325e-05 1.1389789142e-04
1.6518354416e-01 8.6582964286e-05 1.1425412958e-04
1.6568408906e-01 8.7622618594e-05 1.1494317732e-04
1.6618464887e-01 8.8689826953e-05 1.1647626525e-04
1.6668520868e-01 8.9785797172e-05 1.1661538883e-04
1.6718576849e-01 9.0911831649e-05 1.1772383004e-04
1.6768631339e-01 9.2069312814e-05 1.1920707766e-04
1.6818687320e-01 9.3259819550e-05 1.2043224706e-04
1.6868743300e-01 9.4484908914e-05 1.2016008986e-04
1.6918799281e-01 9.5746319857e-05 1.2247194536e-04
1.6968853772e-01 9.7045776783e-05 1.2463524763e-04
1.7018909752e-01 9.8385244200e-05 1.2595098815e-04
1.7068965733e-01 9.9766650237e-05 1.2705878180e-04
1.7119021714e-01 1.0119191575e-04 1.2949196389e-04
1.7169076204e-01 1.0266296886e-04 1.3082109217e-04
1.7219132185e-01 1.0418173042e-04 1.3271092030e-04
1.7269188166e-01 1.0574993212e-04 1.3459339971e-04
1.7319244146e-01 1.0736902914e-04 1.3726731413e-04
1.7369298637e-01 1.0904021474e-04 1.3981340453e-04
1.7419354618e-01 1.1076444935e-04 1.4198156714e-04
1.7469410598e-01 1.1254202400e-04 1.4500392717e-04
1.7519466579e-01 1.1437276407e-04 1.4727683447e-04
1.7569521070e-01 1.1625571642e-04 1.5003491717e-04
1.7619577050e-01 1.1818946950e-04 1.5185849043e-04
1.7669633031e-01 1.2017150584e-04 1.5447332407e-04
1.7719689012e-01 1.2219860218e-04 1.5611799608e-04
1.7769743502e-01 1.2426663307e-04 1.5881066793e-04
1.7819799483e-01 1.2637067994e-04 1.6048301768e-04
1.7869855464e-01 1.2850498024e-04 1.6287894687e-04
1.7919911444e-01 1.3066294196e-04 1.6564318503e-04
1.7969965935e-01 1.3283736189e-04 1.6751380463e-04
1.8020021915e-01 1.3502071670e-04 1.6967115516e-04
1.8070077896e-01 1.3720498828e-04 1.7171191575e-04
1.8120133877e-01 1.3938202756e-04 1.7268050578e-04
1.8170188367e-01 1.4154383098e-04 1.7414199829e-04
1.8220244348e-01 1.4368294796e-04 1.7630838556e-04
1.8270300329e-01 1.4579226263e-04 1.7759218463e-04
1.8320356309e-01 1.4786567772e-04 1.7928074521e-04
1.8370412290e-01 1.4989802730e-04 1.7978367396e-04
1.8420466781e-01 1.5188552788e-04 1.8163165078e-04
1.8470522761e-01 1.5382586571e-04 1.8265128892e-04
1.8520578742e-01 1.5571821132e-04 1.8273973546e-04
1.8570634723e-01 1.5756345238e-04 1.8416681269e-04
1.8620689213e-01 1.5936410637e-04 1.8463353626e-04
1.8670745194e-01 1.6112453886e-04 1.8522902974e-04
1.8720801175e-01 1.6285052698e-04 1.8605931837e-04
1.8770857155e-01 1.6454947763e-04 1.8859897682e-04
1.8820911646e-01 1.6623002011e-04 1.8802566046e-04
1.8870967627e-01 1.6790207883e-04 1.8898738199e-04
1.8921023607e-01 1.6957643675e-04 1.8895904941e-04
1.8971079588e-01 1.7126457533e-04 1.8943304894e-04
1.9021134079e-01 1.7297844170e-04 1.9047384558e-04
1.9071190059e-01 1.7473034677e-04 1.9141864323e-04
1.9121246040e-01 1.7653252871e-04 1.9259122200e-04
1.9171302021e-01 1.7839700740e-04 1.9259258988e-04
1.9221356511e-01 1.8033548258e-04 1.9443016208e-04
1.9271412492e-01 1.8235936295e-04 1.9587067072e-04
1.9321468472e-01 1.8447927141e-04 1.9717897521e-04
1.9371524453e-01 1.8670526333e-04 1.9652745686e-04
1.9421578944e-01 1.8904671015e-04 1.9956796314e-04
1.9471634924e-01 1.9151250308e-04 2.0158932602e-04
1.9521690905e-01 1.9411068934e-04 2.0368858532e-04
1.9571746886e-01 1.9684890867e-04 2.0556504023e-04
1.9621801376e-01 1.9973433518e-04 2.0811847935e-04
1.9671857357e-01 2.0277401200e-04 2.1109185764e-04
1.9721913338e-01 2.0597463299e-04 2.1358135564e-04
1.9771969318e-01 2.0934293570e-04 2.1691509755e-04
1.9822023809e-01 2.1288575954e-04 2.2186816204e-04
1.9872079790e-01 2.1661051142e-04 2.2488545801e-04
1.9922135770e-01 2.2052484564e-04 2.2938899929e-04
1.9972191751e-01 2.2463702771e-04 2.3615728423e-04
2.0022246242e-01 2.2895615257e-04 2.3944157874e-04
2.0072302222e-01 2.3349256662e-04 2.4629198015e-04
2.0122358203e-01 2.3825728567e-04 2.5147400447e-04
2.0172414184e-01 2.4326279527e-04 2.5657951483e-04
2.0222468674e-01 2.4852255592e-04 2.6244914625e-04
2.0272524655e-01 2.5405210909e-04 2.7052249061e-04
2.0322580636e-01 2.5986772380e-04 2.7618737658e-04
2.0372636616e-01 2.6598750264e-04 2.8483013739e-04
2.0422692597e-01 2.7243103250e-04 2.9235103284e-04
2.0472747087e-01 2.7921909350e-04 2.9931316385e-04
2.0522803068e-01 2.8637444484e-04 3.0735941255e-04
2.0572859049e-01 2.9392042779e-04 3.1772031798e-04
2.0622915030e-01 3.0188172241e-04 3.2323808409e-04
2.0672969520e-01 3.1028318335e-04 3.3305052784e-04
2.0723025501e-01 3.1915109139e-04 3.4406888881e-04
2.0773081481e-01 3.2851094147e-04 3.5375429434e-04
2.0823137462e-01 3.3838793752e-04 3.6397291115e-04
2.0873191953e-01 3.4880603198e-04 3.7523871288e-04
2.0923247933e-01 3.5978850792e-04 3.8411593414e-04
2.0973303914e-01 3.7135576713e-04 3.9539101999e-04
2.1023359895e-01 3.8352503907e-04 4.0772563079e-04
2.1073414385e-01 3.9631023537e-04 4.1535031050e-04
2.1123470366e-01 4.0972212446e-04 4.3048962834e-04
2.1173526347e-01 4.2376562487e-04 4.4277525740e-04
2.1223582327e-01 4.3844105676e-04 4.5138908899e-04
2.1273636818e-01 4.5374277397e-04 4.6285102144e-04
2.1323692799e-01 4.6966140508e-04 4.7380613978e-04
2.1373748779e-01 4.8617995344e-04 4.8730763956e-04
2.1423804760e-01 5.0327763893e-04 4.9940013560e-04
2.1473859251e-01 5.2092882106e-04 5.1029369934e-04
2.1523915231e-01 5.3910585120e-04 5.2040512674e-04
2.1573971212e-01 5.5777799571e-04 5.3510145517e-04
2.1624027193e-01 5.7691440452e-04 5.4557278054e-04
2.1674081683e-01 5.9648579918e-04 5.6196103105e-04
2.1724137664e-01 6.1646773247e-04 5.7460617973e-04
2.1774193645e-01 6.3684117049e-04 5.9211574262e-04
2.1824249625e-01 6.5759650897e-04 6.0658389702e-04
2.1874304116e-01 6.7873508669e-04 6.2137807254e-04
2.1924360096e-01 7.0027471520e-04 6.3556246459e-04
2.1974416077e-01 7.2224839823e-04 6.5706518944e-04
2.2024472058e-01 7.4470898835e-04 6.7941838643e-04
2.2074526548e-01 7.6773075853e-04 6.9333950523e-04
2.2124582529e-01 7.9141370952e-04 7.1171141462e-04
2.2174638510e-01 8.1587996101e-04 7.3517503915e-04
2.2224694490e-01 8.4127939772e-04 7.6333875768e-04
2.2274748981e-01 8.6778739933e-04 7.8636739636e-04
2.2324804962e-01 8.9560821652e-04 8.1685447367e-04
2.2374860942e-01 9.2496979050e-04 8.4531982429e-04
2.2424916923e-01 9.5612526638e-04 8.7651383365e-04
2.2474972904e-01 9.8935142159e-04 9.1460929252e-04
2.2525027394e-01 1.0249423794e-03 9.4516773243e-04
2.2575083375e-01 1.0632149642e-03 9.8438397981e-04
2.2625139356e-01 1.1044957209e-03 1.0274290107e-03
2.2675195336e-01 1.1491219047e-03 1.0738834972e-03
2.2725249827e-01 1.1974347290e-03 1.1191170197e-03
2.2775305808e-01 1.2497795979e-03 1.1672893306e-03
2.2825361788e-01 1.3064928353e-03 1.2224490056e-03
2.2875417769e-01 1.3678979594e-03 1.2732120231e-03
2.2925472260e-01 1.4343003277e-03 1.3404766796e-03
2.2975528240e-01 1.5059857396e-03 1.4158389531e-03
2.3025584221e-01 1.5832015779e-03 1.4755747980e-03
2.3075640202e-01 1.6661582049e-03 1.5424676239e-03
2.3125694692e-01 1.7550159246e-03 1.6405195929e-03
2.3175750673e-01 1.8498915015e-03 1.7241321038e-03
2.3225806653e-01 1.9508287078e-03 1.8153988058e-03
2.3275862634e-01 2.0578128751e-03 1.9085207023e-03
2.3325917125e-01 2.1707531996e-03 2.0280247554e-03
2.3375973105e-01 2.2894944996e-03 2.1296699997e-03
2.3426029086e-01 2.4137943983e-03 2.2610055748e-03
2.3476085067e-01 2.5433376431e-03 2.3776656017e-03
2.3526139557e-01 2.6777295861e-03 2.5047489908e-03
2.3576195538e-01 2.8165099211e-03 2.6307527442e-03
2.3626251519e-01 2.9591447674e-03 2.7658536565e-03
2.3676307499e-01 3.1050420366e-03 2.9125153087e-03
2.3726361990e-01 3.2535551582e-03 3.0291571748e-03
2.3776417971e-01 3.4040089231e-03 3.1645833515e-03
2.3826473951e-01 3.5556894727e-03 3.3217428718e-03
2.3876529932e-01 3.7078720052e-03 3.4585387912e-03
2.3926584423e-01 3.8598198444e-03 3.5943924449e-03
2.3976640403e-01 4.0108286776e-03 3.7291469052e-03
2.4026696384e-01 4.1602021083e-03 3.8971398026e-03
2.4076752365e-01 4.3072826229e-03 4.0222858079e-03
2.4126806855e-01 4.4514541514e-03 4.1684946045e-03
2.4176862836e-01 4.5921658166e-03 4.2879376560e-03
2.4226918817e-01 4.7289086506e-03 4.4228541665e-03
2.4276974797e-01 4.8612379469e-03 4.5539098792e-03
2.4327030778e-01 4.9887648784e-03 4.6822996810e-03
2.4377085268e-01 5.1111448556e-03 4.7909040004e-03
2.4427141249e-01 5.2280938253e-03 4.9080858007e-03
2.4477197230e-01 5.3393486887e-03 5.0133913755e-03
2.4527253211e-01 5.4446752183e-03 5.0942492671e-03
2.4577307701e-01 5.5438443087e-03 5.1898318343e-03
2.4627363682e-01 5.6366361678e-03 5.2902493626e-03
2.4677419662e-01 5.7228091173e-03 5.3790654056e-03
2.4727475643e-01 5.8020944707e-03 5.4391566664e-03
2.4777530134e-01 5.8741956018e-03 5.4929340258e-03
2.4827586114e-01 5.9387818910e-03 5.5643427186e-03
2.4877642095e-01 5.9954798780e-03 5.5687166750e-03
2.4927698076e-01 6.0438807122e-03 5.5994372815e-03
2.4977752566e-01 6.0835499316e-03 5.6516155601e-03
2.5027808547e-01 6.1140386388e-03 5.6386832148e-03
2.5077864528e-01 6.1348942108e-03 5.6136329658e-03
2.5127920508e-01 6.1456812546e-03 5.6166965514e-03
2.5177976489e-01 6.1460048892e-03 5.5488557555e-03
2.5228032470e-01 6.1355279759e-03 5.5267191492e-03
2.5278085470e-01 6.1139939353e-03 5.5288146250e-03
2.5328141451e-01 6.0812444426e-03 5.4619945586e-03
2.5378197432e-01 6.0372394510e-03 5.4028034210e-03
2.5428253412e-01 5.9820683673e-03 5.3356494755e-03
2.5478309393e-01 5.9159602970e-03 5.2543878555e-03
2.5528365374e-01 5.8392873034e-03 5.1635364071e-03
2.5578421354e-01 5.7525662705e-03 5.0804135390e-03
2.5628477335e-01 5.6564426050e-03 4.9945004284e-03
2.5678530335e-01 5.5516916327e-03 4.8953560181e-03
2.5728586316e-01 5.4391794838e-03 4.7740242444e-03
2.5778642297e-01 5.3198765963e-03 4.6566901729e-03
2.5828698277e-01 5.1948148757e-03 4.5692981221e-03
2.5878754258e-01 5.0650564954e-03 4.4495086186e-03
2.5928810239e-01 4.9316836521e-03 4.3439581059e-03
2.5978866220e-01 4.7957748175e-03 4.2310240678e-03
2.6028922200e-01 4.6583823860e-03 4.1246064939e-03
2.6078975201e-01 4.5205084607e-03 4.0014833212e-03
2.6129031181e-01 4.3830689974e-03 3.8775482681e-03
2.6179087162e-01 4.2469347827e-03 3.7830411457e-03
2.6229143143e-01 4.1128811426e-03 3.6845752038e-03
2.6279199123e-01 3.9815972559e-03 3.5590913612e-03
2.6329255104e-01 3.8536724169e-03 3.4639565274e-03
2.6379311085e-01 3.7296118680e-03 3.3750419971e-03
2.6429367065e-01 3.6098419223e-03 3.2910134178e-03
2.6479423046e-01 3.4947071690e-03 3.2012744341e-03
2.6529476047e-01 3.3844951540e-03 3.1371903606e-03
2.6579532027e-01 3.2794030849e-03 3.0730173457e-03
2.6629588008e-01 3.1796023250e-03 3.0001809355e-03
2.6679643989e-01 3.0852183700e-03 2.9448743444e-03
2.6729699969e-01 2.9963445850e-03 2.8847809881e-03
2.6779755950e-01 2.9130412731e-03 2.8454773128e-03
2.6829811931e-01 2.8353531379e-03 2.8063997161e-03
2.6879867911e-01 2.7633158024e-03 2.7629348915e-03
2.6929920912e-01 2.6969581377e-03 2.7353069745e-03
2.6979976892e-01 2.6362948120e-03 2.7160157915e-03
2.7030032873e-01 2.5813456159e-03 2.7064916212e-03
2.7080088854e-01 2.5321287103e-03 2.6956612710e-03
2.7130144835e-01 2.4886657484e-03 2.6957348455e-03
2.7180200815e-01 2.4509795476e-03 2.6895129122e-03
2.7230256796e-01 2.4190915283e-03 2.7052848600e-03
2.7280312777e-01 2.3930261377e-03 2.7034045197e-03
2.7330365777e-01 2.3728113156e-03 2.7276724577e-03
2.7380421758e-01 2.3584705777e-03 2.7349439915e-03
2.7430477738e-01 2.3500323296e-03 2.7748174034e-03
2.7480533719e-01 2.3475217167e-03 2.8060500044e-03
2.7530589700e-01 2.3509641178e-03 2.8410188388e-03
2.7580645680e-01 2.3603844456e-03 2.8770412318e-03
2.7630701661e-01 2.3758066818e-03 2.9216560069e-03
2.7680757642e-01 2.3972543422e-03 2.9765514191e-03
2.7730810642e-01 2.4247516412e-03 3.0132380780e-03
2.7780866623e-01 2.4583290797e-03 3.0697449110e-03
2.7830922604e-01 2.4980125017e-03 3.1275122892e-03
2.7880978584e-01 2.5438317098e-03 3.1901507173e-03
2.7931034565e-01 2.5958220940e-03 3.2328402158e-03
2.7981090546e-01 2.6540190447e-03 3.3023059368e-03
2.8031146526e-01 2.7184567880e-03 3.3648444805e-03
2.8081202507e-01 2.7891674545e-03 3.4286889713e-03
2.8131255507e-01 2.8661689721e-03 3.4872496035e-03
2.8181311488e-01 2.9494876508e-03 3.5486943088e-03
2.8231367469e-01 3.0391137116e-03 3.6218659952e-03
2.8281423450e-01 3.1350119971e-03 3.6847959273e-03
2.8331479430e-01 3.2371100970e-03 3.7321385462e-03
2.8381535411e-01 3.3452818170e-03 3.8012496661e-03
2.8431591392e-01 3.4593483433e-03 3.8684476167e-03
2.8481647372e-01 3.5790505353e-03 3.9327288978e-03
2.8531703353e-01 3.7040358875e-03 4.0056463331e-03
2.8581756353e-01 3.8338399027e-03 4.0577761829e-03
2.8631812334e-01 3.9679193869e-03 4.1108420119e-03
2.8681868315e-01 4.1055786423e-03 4.1684899479e-03
2.8731924295e-01 4.2459960096e-03 4.2379614897e-03
2.8781980276e-01 4.3882196769e-03 4.2872498743e-03
2.8832036257e-01 4.5311609283e-03 4.3445308693e-03
2.8882092237e-01 4.6736202203e-03 4.3960502371e-03
2.8932148218e-01 4.8142760061e-03 4.4501279481e-03
2.8982201219e-01 4.9517001025e-03 4.5052794740e-03
2.9032257199e-01 5.0844191574e-03 4.5568682253e-03
2.9082313180e-01 5.2108829841e-03 4.6215648763e-03
2.9132369161e-01 5.3295516409e-03 4.6752113849e-03
2.9182425141e-01 5.4388991557e-03 4.7044269741e-03
2.9232481122e-01 5.5374610238e-03 4.7529912554e-03
2.9282537103e-01 5.6238709949e-03 4.8213438131e-03
2.9332593083e-01 5.6969146244e-03 4.8538953997e-03
2.9382646084e-01 5.7555437088e-03 4.9063186161e-03
2.9432702065e-01 5.7989335619e-03 4.9449019134e-03
2.9482758045e-01 5.8264876716e-03 4.9737142399e-03
2.9532814026e-01 5.8378772810e-03 5.0310166553e-03
2.9582870007e-01 5.8330488391e-03 5.0719948485e-03
2.9632925987e-01 5.8122305200e-03 5.0866636448e-03
2.9682981968e-01 5.7759289630e-03 5.1189684309e-03
2.9733037949e-01 5.7249180973e-03 5.1380465738e-03
2.9783090949e-01 5.6602195837e-03 5.1456233487e-03
2.9833146930e-01 5.5830595084e-03 5.1585240290e-03
2.9883202910e-01 5.4948572069e-03 5.1657408476e-03
2.9933258891e-01 5.3971661255e-03 5.1290532574e-03
2.9983314872e-01 5.2916388959e-03 5.1254099235e-03
3.0033370852e-01 5.1799630746e-03 5.0932220183e-03
3.0083426833e-01 5.0638285466e-03 5.0626713783e-03
3.0133482814e-01 4.9448809586e-03 5.0197076052e-03
3.0183535814e-01 4.8246802762e-03 4.9497913569e-03
3.0233591795e-01 4.7046374530e-03 4.8961089924e-03
3.0283647776e-01 4.5860148966e-03 4.8263696954e-03
3.0333703756e-01 4.4698845595e-03 4.7358125448e-03
3.0383759737e-01 4.3571200222e-03 4.6514752321e-03
3.0433815718e-01 4.2483806610e-03 4.5599164441e-03
3.0483871698e-01 4.1441032663e-03 4.4568111189e-03
3.0533927679e-01 4.0445211343e-03 4.3625622056e-03
3.0583983660e-01 3.9496761747e-03 4.2497985996e-03
3.0634036660e-01 3.8594373036e-03 4.1531184688e-03
3.0684092641e-01 3.7735113874e-03 4.0369611233e-03
3.0734148622e-01 3.6914877128e-03 3.9178440347e-03
3.0784204602e-01 3.6128656939e-03 3.7964556832e-03
3.0834260583e-01 3.5370823462e-03 3.6995941773e-03
3.0884316564e-01 3.4635430202e-03 3.5940681119e-03
3.0934372544e-01 3.3916549291e-03 3.4877844155e-03
3.0984428525e-01 3.3208427485e-03 3.3915699460e-03
3.1034481525e-01 3.2505879644e-03 3.2880748622e-03
3.1084537506e-01 3.1804274768e-03 3.1935661100e-03
3.1134593487e-01 3.1099941116e-03 3.1120672356e-03
3.1184649467e-01 3.0389989261e-03 3.0185922515e-03
3.1234705448e-01 2.9672540259e-03 2.9451162554e-03
3.1284761429e-01 2.8946669772e-03 2.8680213727e-03
3.1334817410e-01 2.8212366160e-03 2.7979402803e-03
3.1384873390e-01 2.7470483910e-03 2.7281402145e-03
3.1434926391e-01 2.6722585317e-03 2.6727227960e-03
3.1484982371e-01 2.5970756542e-03 2.6047383435e-03
3.1535038352e-01 2.5217719376e-03 2.5565770920e-03
3.1585094333e-01 2.4466500618e-03 2.5044793729e-03
3.1635150313e-01 2.3720224854e-03 2.4557083379e-03
3.1685206294e-01 2.2982154042e-03 2.4099920411e-03
3.1735262275e-01 2.2255494259e-03 2.3686017375e-03
3.1785318255e-01 2.1543265320e-03 2.3214141838e-03
3.1835371256e-01 2.0848321728e-03 2.2903906647e-03
3.1885427237e-01 2.0173008088e-03 2.2446776275e-03
3.1935483217e-01 1.9519488560e-03 2.2134548053e-03
3.1985539198e-01 1.8889523344e-03 2.1773367189e-03
3.2035595179e-01 1.8284477992e-03 2.1448552143e-03
3.2085651159e-01 1.7705374630e-03 2.1086155903e-03
3.2135707140e-01 1.7152817454e-03 2.0732101984e-03
3.2185763121e-01 1.6627149889e-03 2.0423934329e-03
3.2235816121e-01 1.6128462739e-03 2.0043083932e-03
3.2285872102e-01 1.5656528994e-03 1.9744457677e-03
3.2335928082e-01 1.5210960992e-03 1.9417150179e-03
3.2385984063e-01 1.4791212743e-03 1.9100559875e-03
3.2436040044e-01 1.4396618353e-03 1.8802444683e-03
3.2486096025e-01 1.4026402496e-03 1.8506026827e-03
3.2536152005e-01 1.3679731637e-03 1.8242875813e-03
3.2586207986e-01 1.3355681440e-03 1.7888117582e-03
3.2636263967e-01 1.3053312432e-03 1.7618553247e-03
3.2686316967e-01 1.2771678157e-03 1.7330063274e-03
3.2736372948e-01 1.2509749504e-03 1.7033349723e-03
3.2786428928e-01 1.2266541598e-03 1.6806443455e-03
3.2836484909e-01 1.2041006703e-03 1.6589589650e-03
3.2886540890e-01 1.1832099408e-03 1.6335628461e-03
3.2936596870e-01 1.1638762662e-03 1.6109211138e-03
3.2986652851e-01 1.1459928937e-03 1.5909495996e-03
3.3036708832e-01 1.1294494616e-03 1.5667559346e-03
3.3086761832e-01 1.1141375871e-03 1.5513702529e-03
3.3136817813e-01 1.0999456281e-03 1.5275976621e-03
3.3186873794e-01 1.0867647361e-03 1.5134082641e-03
3.3236929774e-01 1.0744867614e-03 1.4971069759e-03
3.3286985755e-01 1.0630034376e-03 1.4776585158e-03
3.3337041736e-01 1.0522110388e-03 1.4644585317e-03
3.3387097716e-01 1.0420088656e-03 1.4483794803e-03
3.3437153697e-01 1.0323016904e-03 1.4370616991e-03
3.3487206697e-01 1.0229991749e-03 1.4187128982e-03
3.3537262678e-01 1.0140166851e-03 1.4087831369e-03
3.3587318659e-01 1.0052790167e-03 1.3940787176e-03
3.3637374640e-01 9.9671818316e-04 1.3812192483e-03
3.3687430620e-01 9.8827574402e-04 1.3676257804e-03
3.3737486601e-01 9.7990140785e-04 1.3537966879e-03
3.3787542582e-01 9.7155547701e-04 1.3430131366e-03
3.3837598562e-01 9.6320785815e-04 1.3270495692e-03
3.3887651563e-01 9.5483841142e-04 1.3123815879e-03
3.3937707543e-01 9.4643508783e-04 1.3000705512e-03
3.3987763524e-01 9.3799497699e-04 1.2815848459e-03
3.4037819505e-01 9.2952320119e-04 1.2668906711e-03
3.4087875485e-01 9.2103105271e-04 1.2494794792e-03
3.4137931466e-01 9.1253558639e-04 1.2329419842e-03
3.4187987447e-01 9.0405630181e-04 1.2166936649e-03
3.4238043427e-01 8.9561537607e-04 1.1981338030e-03
3.4288096428e-01 8.8723591762e-04 1.1777036125e-03
3.4338152409e-01 8.7893783348e-04 1.1604111642e-03
3.4388208389e-01 8.7074004114e-04 1.1372702429e-03
3.4438264370e-01 8.6265552090e-04 1.1159770656e-03
3.4488320351e-01 8.5469259648e-04 1.0975030018e-03
3.4538376331e-01 8.4685324691e-04 1.0730169015e-03
3.4588432312e-01 8.3913264098e-04 1.0514798341e-03
3.4638488293e-01 8.3151983563e-04 1.0286560282e-03
3.4688544273e-01 8.2399661187e-04 1.0067144176e-03
3.4738597274e-01 8.1654079258e-04 9.8418490961e-04
3.4788653255e-01 8.0912467092e-04 9.6234347438e-04
3.4838709235e-01 8.0171943409e-04 9.4082730357e-04
3.4888765216e-01 7.9429423204e-04 9.2090474209e-04
3.4938821197e-01 7.8681996092e-04 8.9900620515e-04
3.4988877177e-01 7.7927013626e-04 8.7788200472e-04
3.5038933158e-01 7.7162310481e-04 8.5990177467e-04
3.5088989139e-01 7.6386373257e-04 8.3973852452e-04
3.5139042139e-01 7.5598375406e-04 8.2136632409e-04
3.5189098120e-01 7.4798293645e-04 8.0458767479e-04
3.5239154100e-01 7.3987134965e-04 7.8682124149e-04
3.5289210081e-01 7.3166750371e-04 7.7215849888e-04
3.5339266062e-01 7.2339939652e-04 7.5743056368e-04
3.5389322042e-01 7.1510166163e-04 7.4287806638e-04
3.5439378023e-01 7.0681725629e-04 7.3170737596e-04
3.5489434004e-01 6.9859437644e-04 7.1780913277e-04
3.5539487004e-01 6.9048657315e-04 7.0695171598e-04
3.5589542985e-01 6.8254722282e-04 6.9702533074e-04
3.5639598966e-01 6.7483284511e-04 6.8760709837e-04
3.5689654946e-01 6.6739873728e-04 6.8135897163e-04
3.5739710927e-01 6.6029792652e-04 6.7354354542e-04
3.5789766908e-01 6.5358052962e-04 6.6825788235e-04
3.5839822888e-01 6.4729101723e-04 6.6369306296e-04
3.5889878869e-01 6.4146996010e-04 6.5888167592e-04
3.5939931870e-01 6.3615274848e-04 6.5615319181e-04
3.5989987850e-01 6.3136807876e-04 6.5491051646e-04
3.6040043831e-01 6.2714016531e-04 6.5386976348e-04
3.6090099812e-01 6.2348862411e-04 6.5376952989e-04
3.6140155792e-01 6.2042858917e-04 6.5416848520e-04
3.6190211773e-01 6.1797210947e-04 6.5622793045e-04
3.6240267754e-01 6.1612873105e-04 6.5859302413e-04
3.6290323734e-01 6.1490642838e-04 6.6102138953e-04
3.6340376735e-01 6.1431259383e-04 6.6382589284e-04
3.6390432715e-01 6.1435485259e-04 6.6910503665e-04
3.6440488696e-01 6.1504181940e-04 6.7339692032e-04
3.6490544677e-01 6.1638344778e-04 6.7795830546e-04
3.6540600657e-01 6.1839155387e-04 6.8457995076e-04
3.6590656638e-01 6.2107964186e-04 6.8961596116e-04
3.6640712619e-01 6.2446313677e-04 6.9588742917e-04
3.6690768600e-01 6.2855833676e-04 7.0071453229e-04
3.6740824580e-01 6.3338305335e-04 7.0736458292e-04
3.6790877581e-01 6.3895422500e-04 7.1373040555e-04
3.6840933561e-01 6.4528867370e-04 7.1935035521e-04
3.6890989542e-01 6.5240031108e-04 7.2506588185e-04
3.6941045523e-01 6.6029909067e-04 7.2951905895e-04
3.6991101503e-01 6.6899147350e-04 7.3472881922e-04
3.7041157484e-01 6.7847664468e-04 7.3926168261e-04
3.7091213465e-01 6.8874610588e-04 7.4395275442e-04
3.7141269445e-01 6.9978256943e-04 7.4682297418e-04
3.7191322446e-01 7.1155710611e-04 7.5180089334e-04
3.7241378427e-01 7.2403321974e-04 7.5419415953e-04
3.7291434407e-01 7.3715904728e-04 7.5663690222e-04
3.7341490388e-01 7.5087079313e-04 7.5952749467e-04
3.7391546369e-01 7.6509133214e-04 7.6282263035e-04
3.7441602349e-01 7.7973277075e-04 7.6429807814e-04
3.7491658330e-01 7.9469342018e-04 7.6602696208e-04
3.7541714311e-01 8.0986059038e-04 7.6778704533e-04
3.7591767311e-01 8.2511076471e-04 7.7066838276e-04
3.7641823292e-01 8.4031425649e-04 7.7105249511e-04
3.7691879272e-01 8.5533468518e-04 7.7399343718e-04
3.7741935253e-01 8.7003083900e-04 7.7347975457e-04
3.7791991234e-01 8.8426104048e-04 7.7484862413e-04
3.7842047215e-01 8.9788495097e-04 7.7877915464e-04
3.7892103195e-01 9.1076939134e-04 7.8158924589e-04
3.7942159176e-01 9.2278775992e-04 7.8379618935e-04
3.7992212176e-01 9.3382457271e-04 7.8720349120e-04
3.8042268157e-01 9.4378110953e-04 7.9170090612e-04
3.8092324138e-01 9.5257401699e-04 7.9490878852e-04
3.8142380118e-01 9.6014188603e-04 8.0074364087e-04
3.8192436099e-01 9.6644437872e-04 8.0601382069e-04
3.8242492080e-01 9.7146560438e-04 8.1084424164e-04
3.8292548060e-01 9.7521528369e-04 8.1800279440e-04
3.8342604041e-01 9.7772851586e-04 8.2544796169e-04
3.8392657042e-01 9.7906612791e-04 8.3180237561e-04
3.8442713022e-01 9.7931397613e-04 8.4142596461e-04
3.8492769003e-01 9.7858079243e-04 8.4938661894e-04
3.8542824984e-01 9.7699603066e-04 8.5763871903e-04
3.8592880964e-01 9.7470753826e-04 8.6818006821e-04
3.8642936945e-01 9.7187719075e-04 8.7827735115e-04
3.8692992926e-01 9.6867780667e-04 8.8875641814e-04
3.8743048906e-01 9.6528814174e-04 8.9919340098e-04
3.8793104887e-01 9.6188875614e-04 9.1113318922e-04
3.8843157887e-01 9.5865729963e-04 9.2381791910e-04
3.8893213868e-01 9.5576327294e-04 9.3526591081e-04
3.8943269849e-01 9.5336535014e-04 9.4619730953e-04
3.8993325830e-01 9.5160579076e-04 9.5792126376e-04
3.9043381810e-01 9.5060782041e-04 9.7188272048e-04
3.9093437791e-01 9.5047260402e-04 9.8390353378e-04
3.9143493772e-01 9.5127697568e-04 9.9528627470e-04
3.9193549752e-01 9.5307233278e-04 1.0055195307e-03
3.9243602753e-01 9.5588364638e-04 1.0158462683e-03
3.9293658733e-01 9.5971033443e-04 1.0278428672e-03
3.9343714714e-01 9.6452637808e-04 1.0359652806e-03
3.9393770695e-01 9.7028276650e-04 1.0451285634e-03
3.9443826675e-01 9.7690918483e-04 1.0536900954e-03
3.9493882656e-01 9.8431622609e-04 1.0606026044e-03
3.9543938637e-01 9.9240103737e-04 1.0692158248e-03
3.9593994617e-01 1.0010476690e-03 1.0747432243e-03
3.9644047618e-01 1.0101305088e-03 1.0775642004e-03
3.9694103599e-01 1.0195212672e-03 1.0815318674e-03
3.9744159579e-01 1.0290881619e-03 1.0847366648e-03
3.9794215560e-01 1.0386999929e-03 1.0850675171e-03
3.9844271541e-01 1.0482288199e-03 1.0831903201e-03
3.9894327521e-01 1.0575517081e-03 1.0831282707e-03
3.9944383502e-01 1.0665518930e-03 1.0824205820e-03
3.9994439483e-01 1.0751214577e-03 1.0772307869e-03
4.0044492483e-01 1.0831585387e-03 1.0742578888e-03
4.0094548464e-01 1.0905709350e-03 1.0676848469e-03
4.0144604445e-01 1.0972731980e-03 1.0612845654e-03
4.0194660425e-01 1.1031872127e-03 1.0558834765e-03
4.0244716406e-01 1.1082425481e-03 1.0484736413e-03
4.0294772387e-01 1.1123743607e-03 1.0411097901e-03
4.0344828367e-01 1.1155235115e-03 1.0339096189e-03
4.0394884348e-01 1.1176370317e-03 1.0236896342e-03
4.0444937348e-01 1.1186675401e-03 1.0149739683e-03
4.0494993329e-01 1.1185737094e-03 1.0041818023e-03
4.0545049310e-01 1.1173207313e-03 9.9523109384e-04
4.0595105290e-01 1.1148814810e-03 9.8652020097e-04
4.0645161271e-01 1.1112386128e-03 9.7432255279e-04
4.0695217252e-01 1.1063840939e-03 9.6505315742e-04
4.0745273232e-01 1.1003228137e-03 9.5563009381e-04
4.0795329213e-01 1.0930722347e-03 9.4620906748e-04
4.0845385194e-01 1.0846654186e-03 9.3587621814e-04
4.0895438194e-01 1.0751513764e-03 9.2649081489e-04
4.0945494175e-01 1.0645927396e-03 9.1737724142e-04
4.0995550156e-01 1.0530711152e-03 9.0768613154e-04
4.1045606136e-01 1.0406835936e-03 8.9887785725e-04
4.1095662117e-01 1.0275422828e-03 8.9026597561e-04
4.1145718098e-01 1.0137710487e-03 8.8069099002e-04
4.1195774078e-01 9.9950586446e-04 8.7311665993e-04
4.1245830059e-01 9.8489073571e-04 8.6447206559e-04
4.1295883060e-01 9.7007543081e-04 8.5574988043e-04
4.1345939040e-01 9.5520884497e-04 8.4816059098e-04
4.1395995021e-01 9.4043812715e-04 8.4029673599e-04
4.1446051002e-01 9.2590512941e-04 8.3430984523e-04
4.1496106982e-01 9.1174145928e-04 8.2737638149e-04
4.1546162963e-01 8.9806527831e-04 8.1996480003e-04
4.1596218944e-01 8.8497879915e-04 8.1306247739e-04
4.1646274924e-01 8.7256327970e-04 8.0604985124e-04
4.1696327925e-01 8.6088181706e-04 8.0058281310e-04
4.1746383905e-01 8.4997247905e-04 7.9348409781e-04
4.1796439886e-01 8.3985336823e-04 7.8811030835e-04
4.1846495867e-01 8.3051796537e-04 7.8276440036e-04
4.1896551847e-01 8.2193972776e-04 7.7599869110e-04
4.1946607828e-01 8.1407208927e-04 7.7119230991e-04
4.1996663809e-01 8.0685131252e-04 7.6455366798e-04
4.2046719790e-01 8.0019928282e-04 7.5876602205e-04
4.2096772790e-01 7.9402659321e-04 7.5298751472e-04
4.2146828771e-01 7.8823621152e-04 7.4896402657e-04
4.2196884751e-01 7.8272854444e-04 7.4277468957e-04
4.2246940732e-01 7.7740388224e-04 7.3771661846e-04
4.2296996713e-01 7.7216624049e-04 7.3299749056e-04
4.2347052693e-01 7.6692737639e-04 7.2833243757e-04
4.2397108674e-01 7.6160969911e-04 7.2432606248e-04
4.2447164655e-01 7.5614871457e-04 7.1983312955e-04
4.2497217655e-01 7.5049541192e-04 7.1509415284e-04
4.2547273636e-01 7.4461539043e-04 7.1226467844e-04
4.2597329617e-01 7.3849310866e-04 7.0798705565e-04
4.2647385597e-01 7.3212955613e-04 7.0585461799e-04
4.2697441578e-01 7.2554172948e-04 7.0221454371e-04
4.2747497559e-01 7.1876245784e-04 6.9955771323e-04
4.2797553539e-01 7.1183644468e-04 6.9579546107e-04
4.2847609520e-01 7.0482032606e-04 6.9466698915e-04
4.2897665501e-01 6.9777900353e-04 6.9208530476e-04
4.2947718501e-01 6.9078343222e-04 6.8974064197e-04
4.2997774482e-01 6.8390468368e-04 6.8862887565e-04
4.3047830462e-01 6.7721592495e-04 6.8592629395e-04
4.3097886443e-01 6.7078613210e-04 6.8498222390e-04
4.3147942424e-01 6.6467822762e-04 6.8315572571e-04
4.3197998405e-01 6.5894745057e-04 6.8198953522e-04
4.3248054385e-01 6.5363763133e-04 6.8078754703e-04
4.3298110366e-01 6.4878183184e-04 6.8026635563e-04
4.3348163366e-01 6.4440036658e-04 6.7999528255e-04
4.3398219347e-01 6.4049917273e-04 6.7902746378e-04
4.3448275328e-01 6.3707202207e-04 6.7860953277e-04
4.3498331308e-01 6.3409854192e-04 6.7752029281e-04
4.3548387289e-01 6.3154683448e-04 6.7780754762e-04
4.3598443270e-01 6.2937411712e-04 6.7726167617e-04
4.3648499250e-01 6.2752823578e-04 6.7717430647e-04
4.3698555231e-01 6.2594952760e-04 6.7673739977e-04
4.3748608232e-01 6.2457361491e-04 6.7773397313e-04
4.3798664212e-01 6.2333315145e-04 6.7826226586e-04
4.3848720193e-01 6.2216015067e-04 6.7809299799e-04
4.3898776174e-01 6.2098912895e-04 6.7902146839e-04
4.3948832154e-01 6.1975832796e-04 6.8014848512e-04
4.3998888135e-01 6.1841279967e-04 6.8140850635e-04
4.4048944116e-01 6.1690574512e-04 6.8295927485e-04
4.4099000096e-01 6.1520037707e-04 6.8395870039e-04
4.4149053097e-01 6.1327108415e-04 6.8495998858e-04
4.4199109077e-01 6.1110412935e-04 6.8713788642e-04
4.4249165058e-01 6.0869881418e-04 6.8804051261e-04
4.4299221039e-01 6.0606724583e-04 6.8902393105e-04
4.4349277020e-01 6.0323369689e-04 6.9190596696e-04
4.4399333000e-01 6.0023419792e-04 6.9297954906e-04
4.4449388981e-01 5.9711560607e-04 6.9380510831e-04
4.4499444962e-01 5.9393432457e-04 6.9586082827e-04
4.4549497962e-01 5.9075444005e-04 6.9624150638e-04
4.4599553943e-01 5.8764591813e-04 6.9809373235e-04
4.4649609923e-01 5.8468262432e-04 6.9905025885e-04
4.4699665904e-01 5.8194092708e-04 6.9910957245e-04
4.4749721885e-01 5.7949719485e-04 6.9945497671e-04
4.4799777865e-01 5.7742604986e-04 7.0051307557e-04
4.4849833846e-01 5.7579821441e-04 7.0105469786e-04
4.4899889827e-01 5.7467963779e-04 7.0143677294e-04
4.4949945807e-01 5.7412957540e-04 7.0135330316e-04
4.4999998808e-01 5.7419954101e-04 7.0116360439e-04
