# energy_au reference prediction
# model=../materials_project/models/densityToSpec/cnn_model_full.pt
# density_npz=../materials_project/data/density_M1.npz
# reference_dat=../materials_project/data/tddft_spectrum_gamma_150meV_M1.dat
# reference_mode=training_scaled
0.0000000000e+00 1.8592667402e-05 1.5750925741e-05
5.0055619795e-04 1.8595696019e-05 1.5726413039e-05
1.0011123959e-03 1.8601722331e-05 1.5735820853e-05
1.5016684774e-03 1.8610688130e-05 1.5730847736e-05
2.0022247918e-03 1.8622515199e-05 1.5653775336e-05
2.5027808733e-03 1.8637090761e-05 1.5719007934e-05
3.0033369549e-03 1.8654292944e-05 1.5684709069e-05
3.5038932692e-03 1.8673970771e-05 1.5720175725e-05
4.0044495836e-03 1.8695967810e-05 1.5662988517e-05
4.5050056651e-03 1.8720113076e-05 1.5791752958e-05
5.0055617467e-03 1.8746237402e-05 1.5811976482e-05
5.5061178282e-03 1.8774160708e-05 1.5846793758e-05
6.0066739097e-03 1.8803708372e-05 1.5921179511e-05
6.5072304569e-03 1.8834714865e-05 1.5876390535e-05
7.0077865385e-03 1.8867014660e-05 1.5881836589e-05
7.5083426200e-03 1.8900456780e-05 1.5928091671e-05
8.0088991672e-03 1.8934901163e-05 1.5955356503e-05
8.5094552487e-03 1.8970218662e-05 1.6094671082e-05
9.0100113302e-03 1.9006287403e-05 1.6042578864e-05
9.5105674118e-03 1.9043014618e-05 1.6121348381e-05
1.0011123493e-02 1.9080302081e-05 1.6093752492e-05
1.0511679575e-02 1.9118071577e-05 1.6033232896e-05
1.1012235656e-02 1.9156259441e-05 1.6217325538e-05
1.1512791738e-02 1.9194809283e-05 1.6214749849e-05
1.2013347819e-02 1.9233671992e-05 1.6221285478e-05
1.2513903901e-02 1.9272809368e-05 1.6269792468e-05
1.3014460914e-02 1.9312192308e-05 1.6298856281e-05
1.3515016995e-02 1.9351793526e-05 1.6313450033e-05
1.4015573077e-02 1.9391593014e-05 1.6436742953e-05
1.4516129158e-02 1.9431574401e-05 1.6407549992e-05
1.5016685240e-02 1.9471728592e-05 1.6438474631e-05
1.5517241322e-02 1.9512044673e-05 1.6503088773e-05
1.6017798334e-02 1.9552515369e-05 1.6557214622e-05
1.6518354416e-02 1.9593133402e-05 1.6571930246e-05
1.7018910497e-02 1.9633902411e-05 1.6632095139e-05
1.7519466579e-02 1.9674811483e-05 1.6713793229e-05
1.8020022660e-02 1.9715864255e-05 1.6757890990e-05
1.8520578742e-02 1.9757060727e-05 1.6715386664e-05
1.9021134824e-02 1.9798395442e-05 1.6750182112e-05
1.9521690905e-02 1.9839875677e-05 1.6832836991e-05
2.0022246987e-02 1.9881492335e-05 1.6777383280e-05
2.0522803068e-02 1.9923250875e-05 1.6923062503e-05
2.1023359150e-02 1.9965151296e-05 1.6992902601e-05
2.1523915231e-02 2.0007193598e-05 1.6931715436e-05
2.2024471313e-02 2.0049377781e-05 1.6958767446e-05
2.2525027394e-02 2.0091705665e-05 1.7044694687e-05
2.3025583476e-02 2.0134177248e-05 1.7041882529e-05
2.3526139557e-02 2.0176794351e-05 1.7115607989e-05
2.4026695639e-02 2.0219556973e-05 1.7078578821e-05
2.4527251720e-02 2.0262465114e-05 1.7237282009e-05
2.5027807802e-02 2.0305520593e-05 1.7249107259e-05
2.5528365746e-02 2.0348721591e-05 1.7383141312e-05
2.6028921828e-02 2.0392071747e-05 1.7334537915e-05
2.6529477909e-02 2.0435571059e-05 1.7282960471e-05
2.7030033991e-02 2.0479219529e-05 1.7417567506e-05
2.7530590072e-02 2.0523020794e-05 1.7411306544e-05
2.8031146154e-02 2.0566969397e-05 1.7455879060e-05
2.8531702235e-02 2.0611072614e-05 1.7520889742e-05
2.9032258317e-02 2.0655326807e-05 1.7581700376e-05
2.9532814398e-02 2.0699735614e-05 1.7600674255e-05
3.0033370480e-02 2.0744299036e-05 1.7688140360e-05
3.0533926561e-02 2.0789017071e-05 1.7651624148e-05
3.1034482643e-02 2.0833889721e-05 1.7833808670e-05
3.1535040587e-02 2.0878918804e-05 1.7775651941e-05
3.2035596669e-02 2.0924104319e-05 1.7889049559e-05
3.2536152750e-02 2.0969451725e-05 1.7905231289e-05
3.3036708832e-02 2.1014951926e-05 1.7958842363e-05
3.3537264913e-02 2.1060617655e-05 1.7944232241e-05
3.4037820995e-02 2.1106441636e-05 1.8098324290e-05
3.4538377076e-02 2.1152423869e-05 1.8109953089e-05
3.5038933158e-02 2.1198573450e-05 1.8116310457e-05
3.5539489239e-02 2.1244883101e-05 1.8146396542e-05
3.6040045321e-02 2.1291356461e-05 1.8246022591e-05
3.6540601403e-02 2.1337993530e-05 1.8251268557e-05
3.7041157484e-02 2.1384796128e-05 1.8313425244e-05
3.7541713566e-02 2.1431767891e-05 1.8353455744e-05
3.8042269647e-02 2.1478901544e-05 1.8358043235e-05
3.8542825729e-02 2.1526208002e-05 1.8369511963e-05
3.9043381810e-02 2.1573679987e-05 1.8515642296e-05
3.9543937892e-02 2.1621322958e-05 1.8471480871e-05
4.0044493973e-02 2.1669136913e-05 1.8528025976e-05
4.0545050055e-02 2.1717118216e-05 1.8659262423e-05
4.1045606136e-02 2.1765275960e-05 1.8605349396e-05
4.1546162218e-02 2.1813606509e-05 1.8711010853e-05
4.2046718299e-02 2.1862109861e-05 1.8664699382e-05
4.2547274381e-02 2.1910787837e-05 1.8771088435e-05
4.3047830462e-02 2.1959640435e-05 1.8854885639e-05
4.3548386544e-02 2.2008674932e-05 1.8797862140e-05
4.4048942626e-02 2.2057882234e-05 1.8863591322e-05
4.4549498707e-02 2.2107269615e-05 1.8887360056e-05
4.5050054789e-02 2.2156835257e-05 1.8984172129e-05
4.5550610870e-02 2.2206580979e-05 1.9104641979e-05
4.6051166952e-02 2.2256508601e-05 1.9176315618e-05
4.6551723033e-02 2.2306619940e-05 1.9210387109e-05
4.7052279115e-02 2.2356914997e-05 1.9192561012e-05
4.7552835196e-02 2.2407391953e-05 1.9300019630e-05
4.8053391278e-02 2.2458056264e-05 1.9278128093e-05
4.8553947359e-02 2.2508904294e-05 1.9296614482e-05
4.9054503441e-02 2.2559943318e-05 1.9370827431e-05
4.9555059522e-02 2.2611166060e-05 1.9421935576e-05
5.0055615604e-02 2.2662581614e-05 1.9449887986e-05
5.0556171685e-02 2.2714184524e-05 1.9490496925e-05
5.1056731492e-02 2.2765980248e-05 1.9605144189e-05
5.1557287574e-02 2.2817966965e-05 1.9686243832e-05
5.2057843655e-02 2.2870146495e-05 1.9623710614e-05
5.2558399737e-02 2.2922522476e-05 1.9730121494e-05
5.3058955818e-02 2.2975094907e-05 1.9643250198e-05
5.3559511900e-02 2.3027858333e-05 1.9798719222e-05
5.4060067981e-02 2.3080821848e-05 1.9723978767e-05
5.4560624063e-02 2.3133985451e-05 1.9874181817e-05
5.5061180145e-02 2.3187345505e-05 1.9822762624e-05
5.5561736226e-02 2.3240907467e-05 1.9950502974e-05
5.6062292308e-02 2.3294671337e-05 1.9910654373e-05
5.6562848389e-02 2.3348638933e-05 2.0098539608e-05
5.7063404471e-02 2.3402810257e-05 2.0090146791e-05
5.7563960552e-02 2.3457185307e-05 2.0116662199e-05
5.8064516634e-02 2.3511767722e-05 2.0196745027e-05
5.8565072715e-02 2.3566555683e-05 2.0257140932e-05
5.9065628797e-02 2.3621551009e-05 2.0277464500e-05
5.9566184878e-02 2.3676759156e-05 2.0284331185e-05
6.0066740960e-02 2.3732176487e-05 2.0218552891e-05
6.0567297041e-02 2.3787804821e-05 2.0313766072e-05
6.1067853123e-02 2.3843645977e-05 2.0407864213e-05
6.1568409204e-02 2.3899701773e-05 2.0486741050e-05
6.2068965286e-02 2.3955974029e-05 2.0497402147e-05
6.2569521368e-02 2.4012460926e-05 2.0577675969e-05
6.3070081174e-02 2.4069169740e-05 2.0592851797e-05
6.3570633531e-02 2.4126093194e-05 2.0610386855e-05
6.4071193337e-02 2.4183238565e-05 2.0737110390e-05
6.4571745694e-02 2.4240605853e-05 2.0665229385e-05
6.5072305501e-02 2.4298195058e-05 2.0777584723e-05
6.5572857857e-02 2.4356006179e-05 2.0754787329e-05
6.6073417664e-02 2.4414044674e-05 2.0783350919e-05
6.6573970020e-02 2.4472308723e-05 2.0842213416e-05
6.7074529827e-02 2.4530801966e-05 2.0705116185e-05
6.7575082183e-02 2.4589520763e-05 2.0879644580e-05
6.8075641990e-02 2.4648472390e-05 2.0871233573e-05
6.8576194346e-02 2.4707655029e-05 2.0840989237e-05
6.9076754153e-02 2.4767072318e-05 2.0989828045e-05
6.9577306509e-02 2.4826720619e-05 2.1052304874e-05
7.0077866316e-02 2.4886607207e-05 2.1071125957e-05
7.0578418672e-02 2.4946728445e-05 2.1300715161e-05
7.1078978479e-02 2.5007091608e-05 2.0951891202e-05
7.1579530835e-02 2.5067691240e-05 2.1131751055e-05
7.2080090642e-02 2.5128530979e-05 2.1046565962e-05
7.2580642998e-02 2.5189618100e-05 2.1047619157e-05
7.3081202805e-02 2.5250943509e-05 2.1149109671e-05
7.3581755161e-02 2.5312516300e-05 2.1139863748e-05
7.4082314968e-02 2.5374336474e-05 2.1191424821e-05
7.4582867324e-02 2.5436402211e-05 2.1063260647e-05
7.5083427131e-02 2.5498720788e-05 2.1122943508e-05
7.5583979487e-02 2.5561286748e-05 2.1174970243e-05
7.6084539294e-02 2.5624105547e-05 2.1106181521e-05
7.6585091650e-02 2.5687179004e-05 2.1123154511e-05
7.7085651457e-02 2.5750510758e-05 2.1133966584e-05
7.7586203814e-02 2.5814095352e-05 2.1095043849e-05
7.8086763620e-02 2.5877940061e-05 2.1212776119e-05
7.8587315977e-02 2.5942044886e-05 2.1125371859e-05
7.9087875783e-02 2.6006409826e-05 2.1184869183e-05
7.9588428140e-02 2.6071040338e-05 2.1134441340e-05
8.0088987947e-02 2.6135934604e-05 2.1194911824e-05
8.0589540303e-02 2.6201090805e-05 2.1125400963e-05
8.1090100110e-02 2.6266519853e-05 2.1136576834e-05
8.1590659916e-02 2.6332218113e-05 2.1240135538e-05
8.2091212273e-02 2.6398183763e-05 2.1120113161e-05
8.2591772079e-02 2.6464425900e-05 2.1127316359e-05
8.3092324436e-02 2.6530939067e-05 2.1183272111e-05
8.3592884243e-02 2.6597728720e-05 2.1104973712e-05
8.4093436599e-02 2.6664794859e-05 2.1266547265e-05
8.4593996406e-02 2.6732142942e-05 2.1170133550e-05
8.5094548762e-02 2.6799772968e-05 2.1253590603e-05
8.5595108569e-02 2.6867683118e-05 2.1339490559e-05
8.6095660925e-02 2.6935877031e-05 2.1249852580e-05
8.6596220732e-02 2.7004358344e-05 2.1474847017e-05
8.7096773088e-02 2.7073125239e-05 2.1455245587e-05
8.7597332895e-02 2.7142183171e-05 2.1505258701e-05
8.8097885251e-02 2.7211530323e-05 2.1675643438e-05
8.8598445058e-02 2.7281175790e-05 2.1395355361e-05
8.9098997414e-02 2.7351112294e-05 2.1539937734e-05
8.9599557221e-02 2.7421345294e-05 2.1707304768e-05
9.0100109577e-02 2.7491876608e-05 2.1663945518e-05
9.0600669384e-02 2.7562711693e-05 2.1648940674e-05
9.1101221740e-02 2.7633846912e-05 2.1742527679e-05
9.1601781547e-02 2.7705284083e-05 2.1887666662e-05
9.2102333903e-02 2.7777030482e-05 2.1956890123e-05
9.2602893710e-02 2.7849084290e-05 2.1900936190e-05
9.3103446066e-02 2.7921445508e-05 2.2041836928e-05
9.3604005873e-02 2.7994123229e-05 2.2315682145e-05
9.4104558229e-02 2.8067110179e-05 2.2266573069e-05
9.4605118036e-02 2.8140415452e-05 2.2438740416e-05
9.5105670393e-02 2.8214035410e-05 2.2517864636e-05
9.5606230199e-02 2.8287979148e-05 2.2721415007e-05
9.6106782556e-02 2.8362241210e-05 2.2704292860e-05
9.6607342362e-02 2.8436830689e-05 2.2820353479e-05
9.7107894719e-02 2.8511743949e-05 2.2958531190e-05
9.7608454525e-02 2.8586986446e-05 2.3019094442e-05
9.8109006882e-02 2.8662558179e-05 2.3411839720e-05
9.8609566689e-02 2.8738464607e-05 2.3433238312e-05
9.9110119045e-02 2.8814702091e-05 2.3618838895e-05
9.9610678852e-02 2.8891276088e-05 2.3968406822e-05
1.0011123121e-01 2.8968188417e-05 2.3980717742e-05
1.0061179101e-01 2.9045440897e-05 2.4424061849e-05
1.0111234337e-01 2.9123038985e-05 2.4592931368e-05
1.0161290318e-01 2.9200984500e-05 2.4779928935e-05
1.0211346298e-01 2.9279275623e-05 2.5179939257e-05
1.0261401534e-01 2.9357914173e-05 2.5222203476e-05
1.0311457515e-01 2.9436907425e-05 2.5582527087e-05
1.0361512750e-01 2.9516253562e-05 2.5805449695e-05
1.0411568731e-01 2.9595954402e-05 2.6160045309e-05
1.0461623967e-01 2.9676019039e-05 2.6232080927e-05
1.0511679947e-01 2.9756445656e-05 2.6617100957e-05
1.0561735183e-01 2.9837230613e-05 2.7002683055e-05
1.0611791164e-01 2.9918386645e-05 2.7436442906e-05
1.0661846399e-01 2.9999908293e-05 2.7697911719e-05
1.0711902380e-01 3.0081802834e-05 2.7895746825e-05
1.0761957616e-01 3.0164072086e-05 2.8187438147e-05
1.0812013596e-01 3.0246716051e-05 2.8523141737e-05
1.0862068832e-01 3.0329736546e-05 2.8696193112e-05
1.0912124813e-01 3.0413144486e-05 2.8916669180e-05
1.0962180048e-01 3.0496928957e-05 2.9173024814e-05
1.1012236029e-01 3.0581104511e-05 2.9331815313e-05
1.1062291265e-01 3.0665665690e-05 2.9418632039e-05
1.1112347245e-01 3.0750619771e-05 2.9550241379e-05
1.1162402481e-01 3.0835970392e-05 3.0008475733e-05
1.1212458462e-01 3.0921717553e-05 2.9938315492e-05
1.1262513697e-01 3.1007864891e-05 2.9949367672e-05
1.1312569678e-01 3.1094412407e-05 3.0380817407e-05
1.1362624913e-01 3.1181363738e-05 3.0610015529e-05
1.1412680894e-01 3.1268726161e-05 3.0483350201e-05
1.1462736130e-01 3.1356499676e-05 3.0452723877e-05
1.1512792110e-01 3.1444684282e-05 3.0390858228e-05
1.1562847346e-01 3.1533287256e-05 3.0725484976e-05
1.1612903327e-01 3.1622312235e-05 3.0733499443e-05
1.1662958562e-01 3.1711755582e-05 3.0745984986e-05
1.1713014543e-01 3.1801624573e-05 3.0944309401e-05
1.1763069779e-01 3.1891922845e-05 3.0955583497e-05
1.1813125759e-01 3.1982654036e-05 3.1163359381e-05
1.1863180995e-01 3.2073818147e-05 3.1075865991e-05
1.1913236976e-01 3.2165418816e-05 3.1330939237e-05
1.1963292211e-01 3.2257459679e-05 3.1241350371e-05
1.2013348192e-01 3.2349948015e-05 3.1319090340e-05
1.2063403428e-01 3.2442880183e-05 3.1364150345e-05
1.2113459408e-01 3.2536259823e-05 3.1452604162e-05
1.2163515389e-01 3.2630097849e-05 3.1664541893e-05
1.2213570625e-01 3.2724390621e-05 3.1582436350e-05
1.2263626605e-01 3.2819141779e-05 3.1697050872e-05
1.2313681841e-01 3.2914358599e-05 3.1713472708e-05
1.2363737822e-01 3.3010041079e-05 3.1745938031e-05
1.2413793057e-01 3.3106192859e-05 3.1916588341e-05
1.2463849038e-01 3.3202817576e-05 3.1793479138e-05
1.2513904274e-01 3.3299915231e-05 3.1966468669e-05
1.2563960254e-01 3.3397496736e-05 3.2065974665e-05
1.2614016235e-01 3.3495565731e-05 3.2128114981e-05
1.2664070725e-01 3.3594114939e-05 3.2200550777e-05
1.2714126706e-01 3.3693155274e-05 3.2048639696e-05
1.2764182687e-01 3.3792697650e-05 3.1902301998e-05
1.2814238667e-01 3.3892731153e-05 3.2200397982e-05
1.2864293158e-01 3.3993266698e-05 3.1823234167e-05
1.2914349139e-01 3.4094307921e-05 3.1781943107e-05
1.2964405119e-01 3.4195862099e-05 3.1643954571e-05
1.3014461100e-01 3.4297925595e-05 3.1299114198e-05
1.3064515591e-01 3.4400505683e-05 3.1416719139e-05
1.3114571571e-01 3.4503609641e-05 3.0979357689e-05
1.3164627552e-01 3.4607233829e-05 3.1019357266e-05
1.3214683533e-01 3.4711392800e-05 3.0934159440e-05
1.3264738023e-01 3.4816075640e-05 3.0532708479e-05
1.3314794004e-01 3.4921300539e-05 3.0355893614e-05
1.3364849985e-01 3.5027067497e-05 3.0179384339e-05
1.3414905965e-01 3.5133376514e-05 3.0017119570e-05
1.3464960456e-01 3.5240234865e-05 3.0201954360e-05
1.3515016437e-01 3.5347646190e-05 2.9852782973e-05
1.3565072417e-01 3.5455617763e-05 2.8962909710e-05
1.3615128398e-01 3.5564149584e-05 2.9626075047e-05
1.3665182889e-01 3.5673245293e-05 2.8990380088e-05
1.3715238869e-01 3.5782915802e-05 2.9020626243e-05
1.3765294850e-01 3.5893157474e-05 2.9228762287e-05
1.3815350831e-01 3.6003981222e-05 2.8523563742e-05
1.3865405321e-01 3.6115383409e-05 2.8466918593e-05
1.3915461302e-01 3.6227378587e-05 2.8555778044e-05
1.3965517282e-01 3.6339966755e-05 2.8829146686e-05
1.4015573263e-01 3.6453155190e-05 2.8756066968e-05
1.4065627754e-01 3.6566940253e-05 2.9239843570e-05
1.4115683734e-01 3.6681336496e-05 2.9116408768e-05
1.4165739715e-01 3.6796347558e-05 2.8984863093e-05
1.4215795696e-01 3.6911969801e-05 2.9333967177e-05
1.4265851676e-01 3.7028217776e-05 2.9436268960e-05
1.4315906167e-01 3.7145087845e-05 3.0035847885e-05
1.4365962148e-01 3.7262594560e-05 2.9830300264e-05
1.4416018128e-01 3.7380737922e-05 3.0588871596e-05
1.4466074109e-01 3.7499521568e-05 3.0391858672e-05
1.4516128600e-01 3.7618952774e-05 3.0991712265e-05
1.4566184580e-01 3.7739035179e-05 3.1807059713e-05
1.4616240561e-01 3.7859783333e-05 3.2577529055e-05
1.4666296542e-01 3.7981186324e-05 3.2613679650e-05
1.4716351032e-01 3.8103258703e-05 3.3540756704e-05
1.4766407013e-01 3.8226011384e-05 3.4143071389e-05
1.4816462994e-01 3.8349440729e-05 3.4445121855e-05
1.4866518974e-01 3.8473557652e-05 3.5685072362e-05
1.4916573465e-01 3.8598354877e-05 3.6039080442e-05
1.4966629446e-01 3.8723861508e-05 3.7062858610e-05
1.5016685426e-01 3.8850070268e-05 3.7546848034e-05
1.5066741407e-01 3.8976984797e-05 3.8388836401e-05
1.5116795897e-01 3.9104612370e-05 3.9425878640e-05
1.5166851878e-01 3.9232963900e-05 4.0061051550e-05
1.5216907859e-01 3.9362039388e-05 4.1718667489e-05
1.5266963840e-01 3.9491846110e-05 4.1725925257e-05
1.5317018330e-01 3.9622394979e-05 4.2995794502e-05
1.5367074311e-01 3.9753689634e-05 4.3646570703e-05
1.5417130291e-01 3.9885733713e-05 4.5072876674e-05
1.5467186272e-01 4.0018541767e-05 4.4785963837e-05
1.5517240763e-01 4.0152106521e-05 4.5691838750e-05
1.5567296743e-01 4.0286442527e-05 4.6213950554e-05
1.5617352724e-01 4.0421564336e-05 4.6327157179e-05
1.5667408705e-01 4.0557468310e-05 4.6443652536e-05
1.5717463195e-01 4.0694158088e-05 4.6966990340e-05
1.5767519176e-01 4.0831651859e-05 4.5990051149e-05
1.5817575157e-01 4.0969949623e-05 4.6972723794e-05
1.5867631137e-01 4.1109065933e-05 4.6017557906e-05
1.5917685628e-01 4.1248993512e-05 4.6368397307e-05
1.5967741609e-01 4.1389754188e-05 4.4953536417e-05
1.6017797589e-01 4.1531344323e-05 4.5223507186e-05
1.6067853570e-01 4.1673774831e-05 4.4023872761e-05
1.6117908061e-01 4.1817060264e-05 4.3274289055e-05
1.6167964041e-01 4.1961196985e-05 4.2030333134e-05
1.6218020022e-01 4.2106206820e-05 4.1020481149e-05
1.6268076003e-01 4.2252086132e-05 3.9281050704e-05
1.6318131983e-01 4.2398842197e-05 3.7442634493e-05
1.6368186474e-01 4.2546485929e-05 3.6289366108e-05
1.6418242455e-01 4.2695028242e-05 3.5029919673e-05
1.6468298435e-01 4.2844476411e-05 3.3500731661e-05
1.6518354416e-01 4.2994837713e-05 3.2244406611e-05
1.6568408906e-01 4.3146123062e-05 3.0366045394e-05
1.6618464887e-01 4.3298332457e-05 2.8979351555e-05
1.6668520868e-01 4.3451480451e-05 2.7609758035e-05
1.6718576849e-01 4.3605577957e-05 2.5688350433e-05
1.6768631339e-01 4.3760624976e-05 2.4757384381e-05
1.6818687320e-01 4.3916646973e-05 2.3571552447e-05
1.6868743300e-01 4.4073636673e-05 2.2231777621e-05
1.6918799281e-01 4.4231615902e-05 2.1299954824e-05
1.6968853772e-01 4.4390581024e-05 2.0526567823e-05
1.7018909752e-01 4.4550546590e-05 1.9955648895e-05
1.7068965733e-01 4.4711530791e-05 1.9072336727e-05
1.7119021714e-01 4.4873533625e-05 1.8607504899e-05
1.7169076204e-01 4.5036566007e-05 1.7993765141e-05
1.7219132185e-01 4.5200635213e-05 1.7433769244e-05
1.7269188166e-01 4.5365759433e-05 1.7206177290e-05
1.7319244146e-01 4.5531945943e-05 1.7018535800e-05
1.7369298637e-01 4.5699198381e-05 1.7161371943e-05
1.7419354618e-01 4.5867534936e-05 1.6988244170e-05
1.7469410598e-01 4.6036966523e-05 1.7005442714e-05
1.7519466579e-01 4.6207500418e-05 1.7077138182e-05
1.7569521070e-01 4.6379140258e-05 1.7511278202e-05
1.7619577050e-01 4.6551918786e-05 1.7546457457e-05
1.7669633031e-01 4.6725828724e-05 1.7733533241e-05
1.7719689012e-01 4.6900884627e-05 1.7774898879e-05
1.7769743502e-01 4.7077090130e-05 1.8397957319e-05
1.7819799483e-01 4.7254474339e-05 1.9022936613e-05
1.7869855464e-01 4.7433040891e-05 1.9314011297e-05
1.7919911444e-01 4.7612800699e-05 1.9836386855e-05
1.7969965935e-01 4.7793761041e-05 1.9862254703e-05
1.8020021915e-01 4.7975943744e-05 2.0824994863e-05
1.8070077896e-01 4.8159363359e-05 2.1640396881e-05
1.8120133877e-01 4.8344023526e-05 2.1844814910e-05
1.8170188367e-01 4.8529935157e-05 2.2439029635e-05
1.8220244348e-01 4.8717116442e-05 2.3045782655e-05
1.8270300329e-01 4.8905581934e-05 2.3690248781e-05
1.8320356309e-01 4.9095346185e-05 2.4444496376e-05
1.8370412290e-01 4.9286416470e-05 2.4685454264e-05
1.8420466781e-01 4.9478807341e-05 2.5411758543e-05
1.8470522761e-01 4.9672540626e-05 2.6425812393e-05
1.8520578742e-01 4.9867619964e-05 2.7016440072e-05
1.8570634723e-01 5.0064067182e-05 2.7677579055e-05
1.8620689213e-01 5.0261889555e-05 2.8598646168e-05
1.8670745194e-01 5.0461112551e-05 2.9383287256e-05
1.8720801175e-01 5.0661739806e-05 3.0772593163e-05
1.8770857155e-01 5.0863800425e-05 3.1510560802e-05
1.8820911646e-01 5.1067290769e-05 3.2095667848e-05
1.8870967627e-01 5.1272239944e-05 3.3065662137e-05
1.8921023607e-01 5.1478666137e-05 3.3934196836e-05
1.8971079588e-01 5.1686576626e-05 3.5556036892e-05
1.9021134079e-01 5.1895985962e-05 3.6378904042e-05
1.9071190059e-01 5.2106919611e-05 3.8000278437e-05
1.9121246040e-01 5.2319388487e-05 3.8888316340e-05
1.9171302021e-01 5.2533418057e-05 3.9494352677e-05
1.9221356511e-01 5.2749008319e-05 4.1319308366e-05
1.9271412492e-01 5.2966195653e-05 4.2274245061e-05
1.9321468472e-01 5.3184987337e-05 4.2790794396e-05
1.9371524453e-01 5.3405405197e-05 4.4790274842e-05
1.9421578944e-01 5.3627460147e-05 4.5505799790e-05
1.9471634924e-01 5.3851188568e-05 4.6036675485e-05
1.9521690905e-01 5.4076594097e-05 4.7734421969e-05
1.9571746886e-01 5.4303702200e-05 4.8240846809e-05
1.9621801376e-01 5.4532523791e-05 4.9200145440e-05
1.9671857357e-01 5.4763084336e-05 4.9665039114e-05
1.9721913338e-01 5.4995409300e-05 5.0647206081e-05
1.9771969318e-01 5.5229520513e-05 5.1182065363e-05
1.9822023809e-01 5.5465425248e-05 5.2144601796e-05
1.9872079790e-01 5.5703152611e-05 5.1822218666e-05
1.9922135770e-01 5.5942731706e-05 5.2489489462e-05
1.9972191751e-01 5.6184169807e-05 5.2499632147e-05
2.0022246242e-01 5.6427492382e-05 5.3394058341e-05
2.0072302222e-01 5.6672732171e-05 5.3565068811e-05
2.0122358203e-01 5.6919907365e-05 5.3441082855e-05
2.0172414184e-01 5.7169039792e-05 5.3461237258e-05
2.0222468674e-01 5.7420144003e-05 5.3207986639e-05
2.0272524655e-01 5.7673263655e-05 5.3645329899e-05
2.0322580636e-01 5.7928409660e-05 5.3541782108e-05
2.0372636616e-01 5.8185607486e-05 5.3650499467e-05
2.0422692597e-01 5.8444889873e-05 5.4097097745e-05
2.0472747087e-01 5.8706264099e-05 5.4181949963e-05
2.0522803068e-01 5.8969784732e-05 5.4126769101e-05
2.0572859049e-01 5.9235455410e-05 5.4374588217e-05
2.0622915030e-01 5.9503316152e-05 5.4165058827e-05
2.0672969520e-01 5.9773385146e-05 5.4205909692e-05
2.0723025501e-01 6.0045695136e-05 5.4828396969e-05
2.0773081481e-01 6.0320278862e-05 5.5028845964e-05
2.0823137462e-01 6.0597154516e-05 5.5198481277e-05
2.0873191953e-01 6.0876354837e-05 5.5626449466e-05
2.0923247933e-01 6.1157923483e-05 5.5963853811e-05
2.0973303914e-01 6.1441882281e-05 5.5935546698e-05
2.1023359895e-01 6.1728249420e-05 5.6092896557e-05
2.1073414385e-01 6.2017061282e-05 5.6586373830e-05
2.1123470366e-01 6.2308368797e-05 5.6229095208e-05
2.1173526347e-01 6.2602193793e-05 5.7577108237e-05
2.1223582327e-01 6.2898565375e-05 5.7458077208e-05
2.1273636818e-01 6.3197505369e-05 5.7073684729e-05
2.1323692799e-01 6.3499079261e-05 5.8315981732e-05
2.1373748779e-01 6.3803301600e-05 5.8871642977e-05
2.1423804760e-01 6.4110216044e-05 5.8648245613e-05
2.1473859251e-01 6.4419844421e-05 5.9226782469e-05
2.1523915231e-01 6.4732244937e-05 5.8820765844e-05
2.1573971212e-01 6.5047446697e-05 5.9398342273e-05
2.1624027193e-01 6.5365478804e-05 5.8682875533e-05
2.1674081683e-01 6.5686392190e-05 5.8637255279e-05
2.1724137664e-01 6.6010230512e-05 5.8952966356e-05
2.1774193645e-01 6.6337015596e-05 5.9152356698e-05
2.1824249625e-01 6.6666812927e-05 5.8835525124e-05
2.1874304116e-01 6.6999629780e-05 5.8598037867e-05
2.1924360096e-01 6.7335553467e-05 5.8284873376e-05
2.1974416077e-01 6.7674598540e-05 5.8508307120e-05
2.2024472058e-01 6.8016815931e-05 5.7970893977e-05
2.2074526548e-01 6.8362256570e-05 5.7381712395e-05
2.2124582529e-01 6.8710964115e-05 5.7283647038e-05
2.2174638510e-01 6.9062989496e-05 5.7376710174e-05
2.2224694490e-01 6.9418376370e-05 5.7360783103e-05
2.2274748981e-01 6.9777161116e-05 5.6224322179e-05
2.2324804962e-01 7.0139416493e-05 5.6468419643e-05
2.2374860942e-01 7.0505193435e-05 5.6356464484e-05
2.2424916923e-01 7.0874528319e-05 5.6018347095e-05
2.2474972904e-01 7.1247493906e-05 5.6186618167e-05
2.2525027394e-01 7.1624104748e-05 5.6166925788e-05
2.2575083375e-01 7.2004469985e-05 5.5553264247e-05
2.2625139356e-01 7.2388618719e-05 5.5600063206e-05
2.2675195336e-01 7.2776609159e-05 5.5054617405e-05
2.2725249827e-01 7.3168492236e-05 5.5970551330e-05
2.2775305808e-01 7.3564347986e-05 5.5851964134e-05
2.2825361788e-01 7.3964241892e-05 5.5658951169e-05
2.2875417769e-01 7.4368217611e-05 5.5376698583e-05
2.2925472260e-01 7.4776326073e-05 5.5861211877e-05
2.2975528240e-01 7.5188669143e-05 5.5930482631e-05
2.3025584221e-01 7.5605305028e-05 5.6351222156e-05
2.3075640202e-01 7.6026284660e-05 5.6310556829e-05
2.3125694692e-01 7.6451680798e-05 5.7000117522e-05
2.3175750673e-01 7.6881595305e-05 5.7320266933e-05
2.3225806653e-01 7.7316064562e-05 5.7945078879e-05
2.3275862634e-01 7.7755183156e-05 5.8036770497e-05
2.3325917125e-01 7.8199002019e-05 5.8584770159e-05
2.3375973105e-01 7.8647637565e-05 5.9241298004e-05
2.3426029086e-01 7.9101148003e-05 6.0123507865e-05
2.3476085067e-01 7.9559627920e-05 6.0412956373e-05
2.3526139557e-01 8.0023135524e-05 6.1863211158e-05
2.3576195538e-01 8.0491779954e-05 6.2550519942e-05
2.3626251519e-01 8.0965641246e-05 6.3525701989e-05
2.3676307499e-01 8.1444799434e-05 6.4401436248e-05
2.3726361990e-01 8.1929356384e-05 6.5608481236e-05
2.3776417971e-01 8.2419399405e-05 6.6217340645e-05
2.3826473951e-01 8.2915037638e-05 6.7239612690e-05
2.3876529932e-01 8.3416372945e-05 6.8603178079e-05
2.3926584423e-01 8.3923470811e-05 6.9038389483e-05
2.3976640403e-01 8.4436454927e-05 7.0250556746e-05
2.4026696384e-01 8.4955434431e-05 7.1413414844e-05
2.4076752365e-01 8.5480525740e-05 7.2474220360e-05
2.4126806855e-01 8.6011801613e-05 7.4552313890e-05
2.4176862836e-01 8.6549414846e-05 7.5490781455e-05
2.4226918817e-01 8.7093474576e-05 7.6525881013e-05
2.4276974797e-01 8.7644075393e-05 7.7564334788e-05
2.4327030778e-01 8.8201377366e-05 7.8298660810e-05
2.4377085268e-01 8.8765445980e-05 8.0577658082e-05
2.4427141249e-01 8.9336477686e-05 8.1430691353e-05
2.4477197230e-01 8.9914552518e-05 8.3053004346e-05
2.4527253211e-01 9.0499837825e-05 8.4923529357e-05
2.4577307701e-01 9.1092428192e-05 8.6161802756e-05
2.4627363682e-01 9.1692512797e-05 8.7786153017e-05
2.4677419662e-01 9.2300215329e-05 8.9365566964e-05
2.4727475643e-01 9.2915688583e-05 9.1799614893e-05
2.4777530134e-01 9.3539056252e-05 9.2310954642e-05
2.4827586114e-01 9.4170529337e-05 9.4378323411e-05
2.4877642095e-01 9.4810231531e-05 9.5702205726e-05
2.4927698076e-01 9.5458337455e-05 9.6668889455e-05
2.4977752566e-01 9.6114992630e-05 9.9371347460e-05
2.5027808547e-01 9.6780422609e-05 9.9916753243e-05
2.5077864528e-01 9.7454780189e-05 1.0246234888e-04
2.5127920508e-01 9.8138218164e-05 1.0287754412e-04
2.5177976489e-01 9.8830947536e-05 1.0561558884e-04
2.5228032470e-01 9.9533193861e-05 1.0682581342e-04
2.5278085470e-01 1.0024508811e-04 1.0889328405e-04
2.5328141451e-01 1.0096689221e-04 1.1097569222e-04
2.5378197432e-01 1.0169880261e-04 1.1297896708e-04
2.5428253412e-01 1.0244105943e-04 1.1387608538e-04
2.5478309393e-01 1.0319385183e-04 1.1567876209e-04
2.5528365374e-01 1.0395741992e-04 1.1787102994e-04
2.5578421354e-01 1.0473196744e-04 1.2071610399e-04
2.5628477335e-01 1.0551777814e-04 1.2254835747e-04
2.5678530335e-01 1.0631505575e-04 1.2568580860e-04
2.5728586316e-01 1.0712414951e-04 1.2691372831e-04
2.5778642297e-01 1.0794525588e-04 1.2968688679e-04
2.5828698277e-01 1.0877862951e-04 1.3146566926e-04
2.5878754258e-01 1.0962459783e-04 1.3533337915e-04
2.5928810239e-01 1.1048344459e-04 1.3623082486e-04
2.5978866220e-01 1.1135546083e-04 1.3760899310e-04
2.6028922200e-01 1.1224092304e-04 1.4083211136e-04
2.6078975201e-01 1.1314012954e-04 1.4260117314e-04
2.6129031181e-01 1.1405353143e-04 1.4334714797e-04
2.6179087162e-01 1.1498139065e-04 1.4517671661e-04
2.6229143143e-01 1.1592406372e-04 1.4743350039e-04
2.6279199123e-01 1.1688185623e-04 1.4889752492e-04
2.6329255104e-01 1.1785520473e-04 1.5142728807e-04
2.6379311085e-01 1.1884449486e-04 1.5244162933e-04
2.6429367065e-01 1.1985009769e-04 1.5440311108e-04
2.6479423046e-01 1.2087243522e-04 1.5607483510e-04
2.6529476047e-01 1.2191182032e-04 1.5738366346e-04
2.6579532027e-01 1.2296886416e-04 1.5911215451e-04
2.6629588008e-01 1.2404397421e-04 1.6161828535e-04
2.6679643989e-01 1.2513757974e-04 1.6285431047e-04
2.6729699969e-01 1.2625014642e-04 1.6455729201e-04
2.6779755950e-01 1.2738221267e-04 1.6630961909e-04
2.6829811931e-01 1.2853430235e-04 1.6928679543e-04
2.6879867911e-01 1.2970693933e-04 1.7040647799e-04
2.6929920912e-01 1.3090058928e-04 1.7350638518e-04
2.6979976892e-01 1.3211595069e-04 1.7485699209e-04
2.7030032873e-01 1.3335359108e-04 1.7800981004e-04
2.7080088854e-01 1.3461415074e-04 1.8105494382e-04
2.7130144835e-01 1.3589822629e-04 1.8244876992e-04
2.7180200815e-01 1.3720644347e-04 1.8373446073e-04
2.7230256796e-01 1.3853954442e-04 1.8739976804e-04
2.7280312777e-01 1.3989827130e-04 1.8870913482e-04
2.7330365777e-01 1.4128323528e-04 1.9075740420e-04
2.7380421758e-01 1.4269538224e-04 1.9257741224e-04
2.7430477738e-01 1.4413536701e-04 1.9348778005e-04
2.7480533719e-01 1.4560410636e-04 1.9599594816e-04
2.7530589700e-01 1.4710245887e-04 1.9681321282e-04
2.7580645680e-01 1.4863129763e-04 1.9886164228e-04
2.7630701661e-01 1.5019155398e-04 1.9942717336e-04
2.7680757642e-01 1.5178413014e-04 1.9970128778e-04
2.7730810642e-01 1.5341003018e-04 1.9969537971e-04
2.7780866623e-01 1.5507050557e-04 1.9889025134e-04
2.7830922604e-01 1.5676651674e-04 1.9983478705e-04
2.7880978584e-01 1.5849915508e-04 1.9921897911e-04
2.7931034565e-01 1.6026967205e-04 1.9648502348e-04
2.7981090546e-01 1.6207931913e-04 1.9702198915e-04
2.8031146526e-01 1.6392937687e-04 1.9553556922e-04
2.8081202507e-01 1.6582118405e-04 1.9603039254e-04
2.8131255507e-01 1.6775594850e-04 1.9346516638e-04
2.8181311488e-01 1.6973548918e-04 1.9242636336e-04
2.8231367469e-01 1.7176118854e-04 1.9083154621e-04
2.8281423450e-01 1.7383466184e-04 1.9116715703e-04
2.8331479430e-01 1.7595756799e-04 1.8940318841e-04
2.8381535411e-01 1.7813158047e-04 1.8862177967e-04
2.8431591392e-01 1.8035866378e-04 1.8928757345e-04
2.8481647372e-01 1.8264070968e-04 1.8999793974e-04
2.8531703353e-01 1.8497971178e-04 1.8957079737e-04
2.8581756353e-01 1.8737754726e-04 1.8894430832e-04
2.8631812334e-01 1.8983683549e-04 1.9079615595e-04
2.8681868315e-01 1.9235977379e-04 1.9238692767e-04
2.8731924295e-01 1.9494874869e-04 1.9479854382e-04
2.8781980276e-01 1.9760629220e-04 1.9667726883e-04
2.8832036257e-01 2.0033500914e-04 1.9807950594e-04
2.8882092237e-01 2.0313788264e-04 2.0242555183e-04
2.8932148218e-01 2.0601785218e-04 2.0507151203e-04
2.8982201219e-01 2.0897784270e-04 2.0624927129e-04
2.9032257199e-01 2.1202149219e-04 2.1152760019e-04
2.9082313180e-01 2.1515194385e-04 2.1421113343e-04
2.9132369161e-01 2.1837306849e-04 2.1772951004e-04
2.9182425141e-01 2.2168870782e-04 2.2160614026e-04
2.9232481122e-01 2.2510287818e-04 2.2534054006e-04
2.9282537103e-01 2.2861969774e-04 2.2928665567e-04
2.9332593083e-01 2.3224398319e-04 2.3250776576e-04
2.9382646084e-01 2.3598024563e-04 2.3616859107e-04
2.9432702065e-01 2.3983398569e-04 2.4086915073e-04
2.9482758045e-01 2.4381038384e-04 2.4369907624e-04
2.9532814026e-01 2.4791492615e-04 2.4773893529e-04
2.9582870007e-01 2.5215392816e-04 2.5018610177e-04
2.9632925987e-01 2.5653385092e-04 2.5363959139e-04
2.9682981968e-01 2.6106141740e-04 2.5774247479e-04
2.9733037949e-01 2.6574367075e-04 2.6047107531e-04
2.9783090949e-01 2.7058829437e-04 2.6419639471e-04
2.9833146930e-01 2.7560416493e-04 2.6908738073e-04
2.9883202910e-01 2.8079960612e-04 2.7234124718e-04
2.9933258891e-01 2.8618398937e-04 2.7677460457e-04
2.9983314872e-01 2.9176703538e-04 2.7930087526e-04
3.0033370852e-01 2.9755974538e-04 2.8393368120e-04
3.0083426833e-01 3.0357355718e-04 2.9006545083e-04
3.0133482814e-01 3.0982051976e-04 2.9458763311e-04
3.0183535814e-01 3.1631340971e-04 3.0060039717e-04
3.0233591795e-01 3.2306666253e-04 3.0725816032e-04
3.0283647776e-01 3.3009544131e-04 3.1212205067e-04
3.0333703756e-01 3.3741604420e-04 3.1891572871e-04
3.0383759737e-01 3.4504572977e-04 3.2448733691e-04
3.0433815718e-01 3.5300300806e-04 3.3336569322e-04
3.0483871698e-01 3.6130868830e-04 3.4069668618e-04
3.0533927679e-01 3.6998474388e-04 3.4783830051e-04
3.0583983660e-01 3.7905474892e-04 3.5916594788e-04
3.0634036660e-01 3.8854384911e-04 3.6709668348e-04
3.0684092641e-01 3.9848074084e-04 3.7656378117e-04
3.0734148622e-01 4.0889575030e-04 3.8527834113e-04
3.0784204602e-01 4.1982193943e-04 3.9404272684e-04
3.0834260583e-01 4.3129498954e-04 4.0535975131e-04
3.0884316564e-01 4.4335419079e-04 4.1572909686e-04
3.0934372544e-01 4.5604191837e-04 4.2446661973e-04
3.0984428525e-01 4.6940587345e-04 4.3690777966e-04
3.1034481525e-01 4.8349660938e-04 4.4650395284e-04
3.1084537506e-01 4.9837213010e-04 4.5815572958e-04
3.1134593487e-01 5.1409308799e-04 4.7024092055e-04
3.1184649467e-01 5.3072895389e-04 4.8283961951e-04
3.1234705448e-01 5.4835522315e-04 4.9403950106e-04
3.1284761429e-01 5.6705507450e-04 5.0841772463e-04
3.1334817410e-01 5.8692099992e-04 5.2105268696e-04
3.1384873390e-01 6.0805439716e-04 5.3271889919e-04
3.1434926391e-01 6.3056859653e-04 5.4686114891e-04
3.1484982371e-01 6.5459229518e-04 5.6187395239e-04
3.1535038352e-01 6.8026350345e-04 5.7810521685e-04
3.1585094333e-01 7.0773641346e-04 5.9813965345e-04
3.1635150313e-01 7.3718500789e-04 6.1621057102e-04
3.1685206294e-01 7.6880044071e-04 6.4035464311e-04
3.1735262275e-01 8.0279388931e-04 6.6318374593e-04
3.1785318255e-01 8.3939969772e-04 6.9128762698e-04
3.1835371256e-01 8.7887223344e-04 7.1785110049e-04
3.1885427237e-01 9.2150375713e-04 7.5119349640e-04
3.1935483217e-01 9.6760457382e-04 7.8669347567e-04
3.1985539198e-01 1.0175164789e-03 8.2091754302e-04
3.2035595179e-01 1.0716126999e-03 8.6523336358e-04
3.2085651159e-01 1.1302952189e-03 9.1541855363e-04
3.2135707140e-01 1.1940031545e-03 9.6424249932e-04
3.2185763121e-01 1.2632018188e-03 1.0204137070e-03
3.2235816121e-01 1.3383780606e-03 1.0815551504e-03
3.2285872102e-01 1.4200535370e-03 1.1450995225e-03
3.2335928082e-01 1.5087622451e-03 1.2176904129e-03
3.2385984063e-01 1.6050464474e-03 1.2976931175e-03
3.2436040044e-01 1.7094467767e-03 1.3810573146e-03
3.2486096025e-01 1.8224921077e-03 1.4737460297e-03
3.2536152005e-01 1.9446761580e-03 1.5744692646e-03
3.2586207986e-01 2.0764605142e-03 1.6727990005e-03
3.2636263967e-01 2.2182299290e-03 1.7872728640e-03
3.2686316967e-01 2.3702695034e-03 1.9182885299e-03
3.2736372948e-01 2.5327778421e-03 2.0510321483e-03
3.2786428928e-01 2.7057798579e-03 2.1870003548e-03
3.2836484909e-01 2.8891614638e-03 2.3256524000e-03
3.2886540890e-01 3.0826022848e-03 2.4857020471e-03
3.2936596870e-01 3.2855637837e-03 2.6488096919e-03
3.2986652851e-01 3.4972629510e-03 2.8127483092e-03
3.3036708832e-01 3.7166851107e-03 2.9921084642e-03
3.3086761832e-01 3.9425194263e-03 3.1784414314e-03
3.3136817813e-01 4.1732215323e-03 3.3594779670e-03
3.3186873794e-01 4.4069457799e-03 3.5589251202e-03
3.3236929774e-01 4.6415943652e-03 3.7573906593e-03
3.3286985755e-01 4.8748659901e-03 3.9447103627e-03
3.3337041736e-01 5.1042423584e-03 4.1363784112e-03
3.3387097716e-01 5.3270491771e-03 4.3462496251e-03
3.3437153697e-01 5.5405041203e-03 4.5407004654e-03
3.3487206697e-01 5.7417964563e-03 4.7415569425e-03
3.3537262678e-01 5.9281541035e-03 4.9269432202e-03
3.3587318659e-01 6.0968641192e-03 5.0930511206e-03
3.3637374640e-01 6.2453928404e-03 5.2694571204e-03
3.3687430620e-01 6.3714375719e-03 5.3692632355e-03
3.3737486601e-01 6.4730141312e-03 5.5083613843e-03
3.3787542582e-01 6.5484847873e-03 5.6732683443e-03
3.3837598562e-01 6.5966243856e-03 5.7799853384e-03
3.3887651563e-01 6.6166585311e-03 5.8417087421e-03
3.3937707543e-01 6.6082873382e-03 5.9240777045e-03
3.3987763524e-01 6.5716900863e-03 5.9853070416e-03
3.4037819505e-01 6.5075228922e-03 6.0093128122e-03
3.4087875485e-01 6.4168977551e-03 5.9652291238e-03
3.4137931466e-01 6.3013564795e-03 5.9489174746e-03
3.4187987447e-01 6.1628008261e-03 5.8615133166e-03
3.4238043427e-01 6.0034603812e-03 5.8493083343e-03
3.4288096428e-01 5.8258306235e-03 5.7539627887e-03
3.4338152409e-01 5.6325574405e-03 5.6511601433e-03
3.4388208389e-01 5.4264389910e-03 5.4716253653e-03
3.4438264370e-01 5.2102818154e-03 5.3686550818e-03
3.4488320351e-01 4.9868840724e-03 5.1963850856e-03
3.4538376331e-01 4.7589563765e-03 5.0170109607e-03
3.4588432312e-01 4.5290663838e-03 4.8192115501e-03
3.4638488293e-01 4.2996034026e-03 4.6362020075e-03
3.4688544273e-01 4.0727071464e-03 4.4154054485e-03
3.4738597274e-01 3.8503024261e-03 4.2244619690e-03
3.4788653255e-01 3.6340104416e-03 4.0223184042e-03
3.4838709235e-01 3.4252293408e-03 3.7974026054e-03
3.4888765216e-01 3.2250487711e-03 3.6132980604e-03
3.4938821197e-01 3.0343206599e-03 3.4185403492e-03
3.4988877177e-01 2.8536545578e-03 3.2436172478e-03
3.5038933158e-01 2.6834341697e-03 3.0608475208e-03
3.5088989139e-01 2.5238520466e-03 2.8871477116e-03
3.5139042139e-01 2.3749163374e-03 2.7360813692e-03
3.5189098120e-01 2.2364796605e-03 2.5825856719e-03
3.5239154100e-01 2.1083003376e-03 2.4460942950e-03
3.5289210081e-01 1.9900298212e-03 2.3162516300e-03
3.5339266062e-01 1.8812543713e-03 2.1860746201e-03
3.5389322042e-01 1.7814951716e-03 2.0817141049e-03
3.5439378023e-01 1.6902546631e-03 1.9784511533e-03
3.5489434004e-01 1.6070187557e-03 1.8801870756e-03
3.5539487004e-01 1.5312783653e-03 1.7972581554e-03
3.5589542985e-01 1.4625106705e-03 1.7174301902e-03
3.5639598966e-01 1.4002330136e-03 1.6484487569e-03
3.5689654946e-01 1.3439826434e-03 1.5829321928e-03
3.5739710927e-01 1.2933246326e-03 1.5250927536e-03
3.5789766908e-01 1.2478586286e-03 1.4754766598e-03
3.5839822888e-01 1.2072131503e-03 1.4242093312e-03
3.5889878869e-01 1.1710557155e-03 1.3874213910e-03
3.5939931870e-01 1.1390891159e-03 1.3483171351e-03
3.5989987850e-01 1.1110437335e-03 1.3126920676e-03
3.6040043831e-01 1.0866833618e-03 1.2863507727e-03
3.6090099812e-01 1.0658007814e-03 1.2568443781e-03
3.6140155792e-01 1.0482141515e-03 1.2372283963e-03
3.6190211773e-01 1.0337640997e-03 1.2177304598e-03
3.6240267754e-01 1.0223110439e-03 1.2057506246e-03
3.6290323734e-01 1.0137299541e-03 1.1931750923e-03
3.6340376735e-01 1.0079096537e-03 1.1813808233e-03
3.6390432715e-01 1.0047466494e-03 1.1761976639e-03
3.6440488696e-01 1.0041429196e-03 1.1735253502e-03
3.6490544677e-01 1.0060007917e-03 1.1713519925e-03
3.6540600657e-01 1.0102192173e-03 1.1740307091e-03
3.6590656638e-01 1.0166906286e-03 1.1729510734e-03
3.6640712619e-01 1.0252961656e-03 1.1818137718e-03
3.6690768600e-01 1.0359027656e-03 1.1870155577e-03
3.6740824580e-01 1.0483618826e-03 1.1980595300e-03
3.6790877581e-01 1.0625040159e-03 1.2053269893e-03
3.6840933561e-01 1.0781413876e-03 1.2200900819e-03
3.6890989542e-01 1.0950627038e-03 1.2348369928e-03
3.6941045523e-01 1.1130350176e-03 1.2465401087e-03
3.6991101503e-01 1.1318082688e-03 1.2587312376e-03
3.7041157484e-01 1.1511123739e-03 1.2727965368e-03
3.7091213465e-01 1.1706630467e-03 1.2926072814e-03
3.7141269445e-01 1.1901662219e-03 1.3057340402e-03
3.7191322446e-01 1.2093208497e-03 1.3188811718e-03
3.7241378427e-01 1.2278333306e-03 1.3297202531e-03
3.7291434407e-01 1.2454118114e-03 1.3439492323e-03
3.7341490388e-01 1.2617810862e-03 1.3589867158e-03
3.7391546369e-01 1.2766869040e-03 1.3680079719e-03
3.7441602349e-01 1.2899063295e-03 1.3756087283e-03
3.7491658330e-01 1.3012490235e-03 1.3853913406e-03
3.7541714311e-01 1.3105659746e-03 1.3881144114e-03
3.7591767311e-01 1.3177524088e-03 1.3929503039e-03
3.7641823292e-01 1.3227543095e-03 1.3943496160e-03
3.7691879272e-01 1.3255662052e-03 1.3967812993e-03
3.7741935253e-01 1.3262340799e-03 1.3931521680e-03
3.7791991234e-01 1.3248537434e-03 1.3878355967e-03
3.7842047215e-01 1.3215689687e-03 1.3902198989e-03
3.7892103195e-01 1.3165668352e-03 1.3821896864e-03
3.7942159176e-01 1.3100731885e-03 1.3817916624e-03
3.7992212176e-01 1.3023481006e-03 1.3766286429e-03
3.8042268157e-01 1.2936765561e-03 1.3706054306e-03
3.8092324138e-01 1.2843651930e-03 1.3641441474e-03
3.8142380118e-01 1.2747321744e-03 1.3592360774e-03
3.8192436099e-01 1.2651031138e-03 1.3493291335e-03
3.8242492080e-01 1.2558039743e-03 1.3430723920e-03
3.8292548060e-01 1.2471553637e-03 1.3363967882e-03
3.8342604041e-01 1.2394682271e-03 1.3371509267e-03
3.8392657042e-01 1.2330403551e-03 1.3282855507e-03
3.8442713022e-01 1.2281526579e-03 1.3252234785e-03
3.8492769003e-01 1.2250703294e-03 1.3305749744e-03
3.8542824984e-01 1.2240413344e-03 1.3284691377e-03
3.8592880964e-01 1.2252952438e-03 1.3317901175e-03
3.8642936945e-01 1.2290477753e-03 1.3342900202e-03
3.8692992926e-01 1.2355012586e-03 1.3424905483e-03
3.8743048906e-01 1.2448484777e-03 1.3466700912e-03
3.8793104887e-01 1.2572752312e-03 1.3611984905e-03
3.8843157887e-01 1.2729666196e-03 1.3699521078e-03
3.8893213868e-01 1.2921104208e-03 1.3921413338e-03
3.8943269849e-01 1.3148989528e-03 1.4079455286e-03
3.8993325830e-01 1.3415371068e-03 1.4265957288e-03
3.9043381810e-01 1.3722423464e-03 1.4565597521e-03
3.9093437791e-01 1.4072566992e-03 1.4793805312e-03
3.9143493772e-01 1.4468411682e-03 1.5153281856e-03
3.9193549752e-01 1.4912836486e-03 1.5494211111e-03
3.9243602753e-01 1.5408952022e-03 1.5930199297e-03
3.9293658733e-01 1.5960339224e-03 1.6399277374e-03
3.9343714714e-01 1.6570752487e-03 1.6948594712e-03
3.9393770695e-01 1.7244309420e-03 1.7493268242e-03
3.9443826675e-01 1.7985452432e-03 1.8191571580e-03
3.9493882656e-01 1.8798877718e-03 1.8903168384e-03
3.9543938637e-01 1.9689677283e-03 1.9692087080e-03
3.9593994617e-01 2.0663058385e-03 2.0532447379e-03
3.9644047618e-01 2.1724356338e-03 2.1503395401e-03
3.9694103599e-01 2.2879107855e-03 2.2589182481e-03
3.9744159579e-01 2.4132826366e-03 2.3676422425e-03
3.9794215560e-01 2.5490797125e-03 2.4877665564e-03
3.9844271541e-01 2.6958039962e-03 2.6366256643e-03
3.9894327521e-01 2.8539153282e-03 2.7939463034e-03
3.9944383502e-01 3.0238009058e-03 2.9406698886e-03
3.9994439483e-01 3.2057906501e-03 3.1159429345e-03
4.0044492483e-01 3.4000761807e-03 3.2983245328e-03
4.0094548464e-01 3.6067613401e-03 3.4954536241e-03
4.0144604445e-01 3.8257669657e-03 3.7214499898e-03
4.0194660425e-01 4.0568392724e-03 3.9330180734e-03
4.0244716406e-01 4.2995633557e-03 4.1823484935e-03
4.0294772387e-01 4.5532756485e-03 4.4322963804e-03
4.0344828367e-01 4.8170839436e-03 4.7040283680e-03
4.0394884348e-01 5.0898329355e-03 4.9911988899e-03
4.0444937348e-01 5.3701298311e-03 5.2672517486e-03
4.0494993329e-01 5.6563299149e-03 5.5870721117e-03
4.0545049310e-01 5.9464825317e-03 5.8785490692e-03
4.0595105290e-01 6.2384023331e-03 6.2060812488e-03
4.0645161271e-01 6.5296511166e-03 6.5314550884e-03
4.0695217252e-01 6.8176235072e-03 6.8229683675e-03
4.0745273232e-01 7.0994975977e-03 7.1211913601e-03
4.0795329213e-01 7.3723308742e-03 7.4398722500e-03
4.0845385194e-01 7.6331021264e-03 7.7261128463e-03
4.0895438194e-01 7.8787393868e-03 8.0333491787e-03
4.0945494175e-01 8.1063006073e-03 8.2738315687e-03
4.0995550156e-01 8.3128735423e-03 8.5334219038e-03
4.1045606136e-01 8.4957517684e-03 8.7355813012e-03
4.1095662117e-01 8.6524765939e-03 8.8651748374e-03
4.1145718098e-01 8.7809357792e-03 9.0562952682e-03
4.1195774078e-01 8.8793756440e-03 9.1393608600e-03
4.1245830059e-01 8.9464820921e-03 9.2298351228e-03
4.1295883060e-01 8.9814234525e-03 9.2580728233e-03
4.1345939040e-01 8.9838840067e-03 9.2959534377e-03
4.1395995021e-01 8.9540714398e-03 9.2290462926e-03
4.1446051002e-01 8.8927224278e-03 9.1685634106e-03
4.1496106982e-01 8.8010942563e-03 9.1114472598e-03
4.1546162963e-01 8.6809406057e-03 8.9782662690e-03
4.1596218944e-01 8.5344733670e-03 8.8353352621e-03
4.1646274924e-01 8.3642788231e-03 8.6804153398e-03
4.1696327925e-01 8.1733185798e-03 8.4554646164e-03
4.1746383905e-01 7.9647796229e-03 8.2803899422e-03
4.1796439886e-01 7.7420887537e-03 8.0266399309e-03
4.1846495867e-01 7.5087398291e-03 7.7448333614e-03
4.1896551847e-01 7.2683035396e-03 7.5132641941e-03
4.1946607828e-01 7.0243054070e-03 7.2541842237e-03
4.1996663809e-01 6.7801699042e-03 7.0108445361e-03
4.2046719790e-01 6.5391706303e-03 6.7713190801e-03
4.2096772790e-01 6.3043399714e-03 6.5309889615e-03
4.2146828771e-01 6.0784476809e-03 6.2544350512e-03
4.2196884751e-01 5.8639985509e-03 6.0402452946e-03
4.2246940732e-01 5.6631746702e-03 5.8031887747e-03
4.2296996713e-01 5.4777893238e-03 5.6080357172e-03
4.2347052693e-01 5.3093405440e-03 5.4290834814e-03
4.2397108674e-01 5.1589705981e-03 5.2581252530e-03
4.2447164655e-01 5.0274766982e-03 5.1169246435e-03
4.2497217655e-01 4.9153282307e-03 4.9799992703e-03
4.2547273636e-01 4.8226299696e-03 4.8959637061e-03
4.2597329617e-01 4.7492152080e-03 4.8039886169e-03
4.2647385597e-01 4.6946019866e-03 4.7598090023e-03
4.2697441578e-01 4.6580284834e-03 4.7010411508e-03
4.2747497559e-01 4.6384674497e-03 4.6844771132e-03
4.2797553539e-01 4.6346415766e-03 4.6519879252e-03
4.2847609520e-01 4.6450523660e-03 4.6541872434e-03
4.2897665501e-01 4.6679982916e-03 4.6753627248e-03
4.2947718501e-01 4.7015934251e-03 4.7019454651e-03
4.2997774482e-01 4.7438130714e-03 4.7218664549e-03
4.3047830462e-01 4.7925035469e-03 4.7744517215e-03
4.3097886443e-01 4.8454296775e-03 4.8126783222e-03
4.3147942424e-01 4.9003078602e-03 4.8691928387e-03
4.3197998405e-01 4.9548470415e-03 4.9380464479e-03
4.3248054385e-01 5.0067999400e-03 4.9884114414e-03
4.3298110366e-01 5.0539919175e-03 5.0292019732e-03
4.3348163366e-01 5.0943740644e-03 5.0714719109e-03
4.3398219347e-01 5.1260744222e-03 5.1111015491e-03
4.3448275328e-01 5.1474189386e-03 5.1551358774e-03
4.3498331308e-01 5.1569868810e-03 5.1523032598e-03
4.3548387289e-01 5.1536243409e-03 5.1893675700e-03
4.3598443270e-01 5.1364824176e-03 5.1843393594e-03
4.3648499250e-01 5.1050232723e-03 5.1758708432e-03
4.3698555231e-01 5.0590271130e-03 5.1445034333e-03
4.3748608232e-01 4.9985973164e-03 5.1138889976e-03
4.3798664212e-01 4.9241338857e-03 5.0645126030e-03
4.3848720193e-01 4.8363287933e-03 5.0053335726e-03
4.3898776174e-01 4.7361380421e-03 4.9197995104e-03
4.3948832154e-01 4.6247206628e-03 4.8297252506e-03
4.3998888135e-01 4.5034354553e-03 4.7371312976e-03
4.4048944116e-01 4.3737785891e-03 4.6319188550e-03
4.4099000096e-01 4.2373468168e-03 4.4986181892e-03
4.4149053097e-01 4.0957746096e-03 4.3666232377e-03
4.4199109077e-01 3.9507006295e-03 4.2456430383e-03
4.4249165058e-01 3.8037500344e-03 4.1071199812e-03
4.4299221039e-01 3.6564732436e-03 3.9861146361e-03
4.4349277020e-01 3.5103310365e-03 3.8423202932e-03
4.4399333000e-01 3.3666382078e-03 3.7159309722e-03
4.4449388981e-01 3.2265945338e-03 3.5791429691e-03
4.4499444962e-01 3.0912421644e-03 3.4441752359e-03
4.4549497962e-01 2.9614726081e-03 3.3264164813e-03
4.4599553943e-01 2.8380057774e-03 3.1988918781e-03
4.4649609923e-01 2.7214097790e-03 3.0868588947e-03
4.4699665904e-01 2.6121230330e-03 2.9767455999e-03
4.4749721885e-01 2.5104447268e-03 2.8778759297e-03
4.4799777865e-01 2.4165611248e-03 2.7831313200e-03
4.4849833846e-01 2.3305385839e-03 2.6937790681e-03
4.4899889827e-01 2.2523736116e-03 2.6148413308e-03
4.4949945807e-01 2.1819863468e-03 2.5420840830e-03
4.4999998808e-01 2.1192464046e-03 2.4756088387e-03
